0.0004	0.0004	0.0008	0.001	0.0002	0.0003	0.0006	0.0001	0.0005	0.02	0.0003
0.0031894	0.0004	0.0008	0.001	0.0002	0.0003	0.0006	0.0001	0.0005	0.02	0.0003
0.00090781	0.0004	0.0008	0.001	0.0002	0.0003	0.0006	0.0001	0.0005	0.02	0.0003
0.0015336	0.0004	0.0008	0.001	0.0002	0.0003	0.0006	0.0001	0.0005	0.02	0.0003
0.0020806	0.0004	0.0008	0.001	0.0002	0.0003	0.0006	0.0001	0.0005	0.02	0.0003
0.00081779	0.0004	0.0008	0.001	0.0002	0.0003	0.0006	0.0001	0.0005	0.02	0.0003
0.0023653	0.0004	0.0008	0.001	0.0002	0.0003	0.0006	0.0001	0.0005	0.02	0.0003
0.0034182	0.0004	0.0008	0.001	0.0002	0.0003	0.0006	0.0001	0.0005	0.02	0.0003
0.0025625	0.0004	0.0008	0.001	0.0002	0.0003	0.0006	0.0001	0.0005	0.02	0.0003
0.0025099	0.0004	0.0008	0.001	0.0002	0.0003	0.0006	0.0001	0.0005	0.02	0.0003
0.0024082	0.0004	0.0008	0.001	0.0002	0.0003	0.0006	0.0001	0.0005	0.02	0.0003
0.0023008	0.0004	0.0008	0.001	0.0002	0.0003	0.0006	0.0001	0.0005	0.02	0.0003
0.00043931	0.0004	0.0008	0.001	0.0002	0.0003	0.0006	0.0001	0.0005	0.02	0.0003
0.0023439	0.0004	0.0008	0.001	0.0002	0.0003	0.0006	0.0001	0.0005	0.02	0.0003
0.0028669	0.0004	0.0008	0.001	0.0002	0.0003	0.0006	0.0001	0.0005	0.02	0.0003
0.0029046	0.0004	0.0008	0.001	0.0002	0.0003	0.0006	0.0001	0.0005	0.02	0.0003
0.0018453	0.0004	0.0008	0.001	0.0002	0.0003	0.0006	0.0001	0.0005	0.02	0.0003
0.0012061	0.0004	0.0008	0.001	0.0002	0.0003	0.0006	0.0001	0.0005	0.02	0.0003
0.0033433	0.0004	0.0008	0.001	0.0002	0.0003	0.0006	0.0001	0.0005	0.02	0.0003
0.001254	0.0004	0.0008	0.001	0.0002	0.0003	0.0006	0.0001	0.0005	0.02	0.0003
0.0034862	0.0004	0.0008	0.001	0.0002	0.0003	0.0006	0.0001	0.0005	0.02	0.0003
0.0014007	0.0004	0.0008	0.001	0.0002	0.0003	0.0006	0.0001	0.0005	0.02	0.0003
0.0029967	0.0004	0.0008	0.001	0.0002	0.0003	0.0006	0.0001	0.0005	0.02	0.0003
0.0015591	0.0004	0.0008	0.001	0.0002	0.0003	0.0006	0.0001	0.0005	0.02	0.0003
0.0015934	0.0004	0.0008	0.001	0.0002	0.0003	0.0006	0.0001	0.0005	0.02	0.0003
0.0030107	0.0004	0.0008	0.001	0.0002	0.0003	0.0006	0.0001	0.0005	0.02	0.0003
0.00092826	0.0004	0.0008	0.001	0.0002	0.0003	0.0006	0.0001	0.0005	0.02	0.0003
0.0029189	0.0004	0.0008	0.001	0.0002	0.0003	0.0006	0.0001	0.0005	0.02	0.0003
0.0011172	0.0004	0.0008	0.001	0.0002	0.0003	0.0006	0.0001	0.0005	0.02	0.0003
0.0034072	0.0004	0.0008	0.001	0.0002	0.0003	0.0006	0.0001	0.0005	0.02	0.0003
0.0017967	0.0004	0.0008	0.001	0.0002	0.0003	0.0006	0.0001	0.0005	0.02	0.0003
0.00063037	0.0004	0.0008	0.001	0.0002	0.0003	0.0006	0.0001	0.0005	0.02	0.0003
0.0022012	0.0004	0.0008	0.001	0.0002	0.0003	0.0006	0.0001	0.0005	0.02	0.0003
0.0012513	0.0004	0.0008	0.001	0.0002	0.0003	0.0006	0.0001	0.0005	0.02	0.0003
0.0033191	0.0004	0.0008	0.001	0.0002	0.0003	0.0006	0.0001	0.0005	0.02	0.0003
0.0030659	0.0004	0.0008	0.001	0.0002	0.0003	0.0006	0.0001	0.0005	0.02	0.0003
0.0033681	0.0004	0.0008	0.001	0.0002	0.0003	0.0006	0.0001	0.0005	0.02	0.0003
0.0015158	0.0004	0.0008	0.001	0.0002	0.0003	0.0006	0.0001	0.0005	0.02	0.0003
0.0022869	0.0004	0.0008	0.001	0.0002	0.0003	0.0006	0.0001	0.0005	0.02	0.0003
0.001351	0.0004	0.0008	0.001	0.0002	0.0003	0.0006	0.0001	0.0005	0.02	0.0003
0.0025028	0.0004	0.0008	0.001	0.0002	0.0003	0.0006	0.0001	0.0005	0.02	0.0003
0.00088076	0.0004	0.0008	0.001	0.0002	0.0003	0.0006	0.0001	0.0005	0.02	0.0003
0.00086196	0.0004	0.0008	0.001	0.0002	0.0003	0.0006	0.0001	0.0005	0.02	0.0003
0.00058182	0.0004	0.0008	0.001	0.0002	0.0003	0.0006	0.0001	0.0005	0.02	0.0003
0.00066098	0.0004	0.0008	0.001	0.0002	0.0003	0.0006	0.0001	0.0005	0.02	0.0003
0.0016948	0.0004	0.0008	0.001	0.0002	0.0003	0.0006	0.0001	0.0005	0.02	0.0003
0.0015684	0.0004	0.0008	0.001	0.0002	0.0003	0.0006	0.0001	0.0005	0.02	0.0003
0.002227	0.0004	0.0008	0.001	0.0002	0.0003	0.0006	0.0001	0.0005	0.02	0.0003
0.0021606	0.0004	0.0008	0.001	0.0002	0.0003	0.0006	0.0001	0.0005	0.02	0.0003
0.0023995	0.0004	0.0008	0.001	0.0002	0.0003	0.0006	0.0001	0.0005	0.02	0.0003
0.0010284	0.0004	0.0008	0.001	0.0002	0.0003	0.0006	0.0001	0.0005	0.02	0.0003
0.0018281	0.0004	0.0008	0.001	0.0002	0.0003	0.0006	0.0001	0.0005	0.02	0.0003
0.0029594	0.0004	0.0008	0.001	0.0002	0.0003	0.0006	0.0001	0.0005	0.02	0.0003
0.00097746	0.0004	0.0008	0.001	0.0002	0.0003	0.0006	0.0001	0.0005	0.02	0.0003
0.0034682	0.0004	0.0008	0.001	0.0002	0.0003	0.0006	0.0001	0.0005	0.02	0.0003
0.00040358	0.0004	0.0008	0.001	0.0002	0.0003	0.0006	0.0001	0.0005	0.02	0.0003
0.0017652	0.0004	0.0008	0.001	0.0002	0.0003	0.0006	0.0001	0.0005	0.02	0.0003
0.0031986	0.0004	0.0008	0.001	0.0002	0.0003	0.0006	0.0001	0.0005	0.02	0.0003
0.0026895	0.0004	0.0008	0.001	0.0002	0.0003	0.0006	0.0001	0.0005	0.02	0.0003
0.0032257	0.0004	0.0008	0.001	0.0002	0.0003	0.0006	0.0001	0.0005	0.02	0.0003
0.00077368	0.0004	0.0008	0.001	0.0002	0.0003	0.0006	0.0001	0.0005	0.02	0.0003
0.0017764	0.0004	0.0008	0.001	0.0002	0.0003	0.0006	0.0001	0.0005	0.02	0.0003
0.0012356	0.0004	0.0008	0.001	0.0002	0.0003	0.0006	0.0001	0.0005	0.02	0.0003
0.0024969	0.0004	0.0008	0.001	0.0002	0.0003	0.0006	0.0001	0.0005	0.02	0.0003
0.0029417	0.0004	0.0008	0.001	0.0002	0.0003	0.0006	0.0001	0.0005	0.02	0.0003
0.0020122	0.0004	0.0008	0.001	0.0002	0.0003	0.0006	0.0001	0.0005	0.02	0.0003
0.0028979	0.0004	0.0008	0.001	0.0002	0.0003	0.0006	0.0001	0.0005	0.02	0.0003
0.0031657	0.0004	0.0008	0.001	0.0002	0.0003	0.0006	0.0001	0.0005	0.02	0.0003
0.00045356	0.0004	0.0008	0.001	0.0002	0.0003	0.0006	0.0001	0.0005	0.02	0.0003
0.00055154	0.0004	0.0008	0.001	0.0002	0.0003	0.0006	0.0001	0.0005	0.02	0.0003
0.0015255	0.0004	0.0008	0.001	0.0002	0.0003	0.0006	0.0001	0.0005	0.02	0.0003
0.0025917	0.0004	0.0008	0.001	0.0002	0.0003	0.0006	0.0001	0.0005	0.02	0.0003
0.0005297	0.0004	0.0008	0.001	0.0002	0.0003	0.0006	0.0001	0.0005	0.02	0.0003
0.0013604	0.0004	0.0008	0.001	0.0002	0.0003	0.0006	0.0001	0.0005	0.02	0.0003
0.0017267	0.0004	0.0008	0.001	0.0002	0.0003	0.0006	0.0001	0.0005	0.02	0.0003
0.0029011	0.0004	0.0008	0.001	0.0002	0.0003	0.0006	0.0001	0.0005	0.02	0.0003
0.0023826	0.0004	0.0008	0.001	0.0002	0.0003	0.0006	0.0001	0.0005	0.02	0.0003
0.00082794	0.0004	0.0008	0.001	0.0002	0.0003	0.0006	0.0001	0.0005	0.02	0.0003
0.001341	0.0004	0.0008	0.001	0.0002	0.0003	0.0006	0.0001	0.0005	0.02	0.0003
0.0030454	0.0004	0.0008	0.001	0.0002	0.0003	0.0006	0.0001	0.0005	0.02	0.0003
0.00085806	0.0004	0.0008	0.001	0.0002	0.0003	0.0006	0.0001	0.0005	0.02	0.0003
0.0005044	0.0004	0.0008	0.001	0.0002	0.0003	0.0006	0.0001	0.0005	0.02	0.0003
0.0034083	0.0004	0.0008	0.001	0.0002	0.0003	0.0006	0.0001	0.0005	0.02	0.0003
0.00184	0.0004	0.0008	0.001	0.0002	0.0003	0.0006	0.0001	0.0005	0.02	0.0003
0.0029823	0.0004	0.0008	0.001	0.0002	0.0003	0.0006	0.0001	0.0005	0.02	0.0003
0.00055429	0.0004	0.0008	0.001	0.0002	0.0003	0.0006	0.0001	0.0005	0.02	0.0003
0.0027613	0.0004	0.0008	0.001	0.0002	0.0003	0.0006	0.0001	0.0005	0.02	0.0003
0.001298	0.0004	0.0008	0.001	0.0002	0.0003	0.0006	0.0001	0.0005	0.02	0.0003
0.001473	0.0004	0.0008	0.001	0.0002	0.0003	0.0006	0.0001	0.0005	0.02	0.0003
0.0017579	0.0004	0.0008	0.001	0.0002	0.0003	0.0006	0.0001	0.0005	0.02	0.0003
0.0029531	0.0004	0.0008	0.001	0.0002	0.0003	0.0006	0.0001	0.0005	0.02	0.0003
0.0023478	0.0004	0.0008	0.001	0.0002	0.0003	0.0006	0.0001	0.0005	0.02	0.0003
0.0004	0.015907	0.0008	0.001	0.0002	0.0003	0.0006	0.0001	0.0005	0.02	0.0003
0.0004	0.0050006	0.0008	0.001	0.0002	0.0003	0.0006	0.0001	0.0005	0.02	0.0003
0.0004	0.019666	0.0008	0.001	0.0002	0.0003	0.0006	0.0001	0.0005	0.02	0.0003
0.0004	0.012838	0.0008	0.001	0.0002	0.0003	0.0006	0.0001	0.0005	0.02	0.0003
0.0004	0.0029499	0.0008	0.001	0.0002	0.0003	0.0006	0.0001	0.0005	0.02	0.0003
0.0004	0.0081396	0.0008	0.001	0.0002	0.0003	0.0006	0.0001	0.0005	0.02	0.0003
0.0004	0.0078652	0.0008	0.001	0.0002	0.0003	0.0006	0.0001	0.0005	0.02	0.0003
0.0004	0.017898	0.0008	0.001	0.0002	0.0003	0.0006	0.0001	0.0005	0.02	0.0003
0.0004	0.014418	0.0008	0.001	0.0002	0.0003	0.0006	0.0001	0.0005	0.02	0.0003
0.0004	0.016507	0.0008	0.001	0.0002	0.0003	0.0006	0.0001	0.0005	0.02	0.0003
0.0004	0.0021329	0.0008	0.001	0.0002	0.0003	0.0006	0.0001	0.0005	0.02	0.0003
0.0004	0.026226	0.0008	0.001	0.0002	0.0003	0.0006	0.0001	0.0005	0.02	0.0003
0.0004	0.022824	0.0008	0.001	0.0002	0.0003	0.0006	0.0001	0.0005	0.02	0.0003
0.0004	0.024357	0.0008	0.001	0.0002	0.0003	0.0006	0.0001	0.0005	0.02	0.0003
0.0004	0.018531	0.0008	0.001	0.0002	0.0003	0.0006	0.0001	0.0005	0.02	0.0003
0.0004	0.0057112	0.0008	0.001	0.0002	0.0003	0.0006	0.0001	0.0005	0.02	0.0003
0.0004	0.014	0.0008	0.001	0.0002	0.0003	0.0006	0.0001	0.0005	0.02	0.0003
0.0004	0.012945	0.0008	0.001	0.0002	0.0003	0.0006	0.0001	0.0005	0.02	0.0003
0.0004	0.021237	0.0008	0.001	0.0002	0.0003	0.0006	0.0001	0.0005	0.02	0.0003
0.0004	0.0083946	0.0008	0.001	0.0002	0.0003	0.0006	0.0001	0.0005	0.02	0.0003
0.0004	0.026111	0.0008	0.001	0.0002	0.0003	0.0006	0.0001	0.0005	0.02	0.0003
0.0004	0.0053943	0.0008	0.001	0.0002	0.0003	0.0006	0.0001	0.0005	0.02	0.0003
0.0004	0.022802	0.0008	0.001	0.0002	0.0003	0.0006	0.0001	0.0005	0.02	0.0003
0.0004	0.01093	0.0008	0.001	0.0002	0.0003	0.0006	0.0001	0.0005	0.02	0.0003
0.0004	0.011363	0.0008	0.001	0.0002	0.0003	0.0006	0.0001	0.0005	0.02	0.0003
0.0004	0.017698	0.0008	0.001	0.0002	0.0003	0.0006	0.0001	0.0005	0.02	0.0003
0.0004	0.023557	0.0008	0.001	0.0002	0.0003	0.0006	0.0001	0.0005	0.02	0.0003
0.0004	0.025838	0.0008	0.001	0.0002	0.0003	0.0006	0.0001	0.0005	0.02	0.0003
0.0004	0.011865	0.0008	0.001	0.0002	0.0003	0.0006	0.0001	0.0005	0.02	0.0003
0.0004	0.013914	0.0008	0.001	0.0002	0.0003	0.0006	0.0001	0.0005	0.02	0.0003
0.0004	0.027323	0.0008	0.001	0.0002	0.0003	0.0006	0.0001	0.0005	0.02	0.0003
0.0004	0.018764	0.0008	0.001	0.0002	0.0003	0.0006	0.0001	0.0005	0.02	0.0003
0.0004	0.0036279	0.0008	0.001	0.0002	0.0003	0.0006	0.0001	0.0005	0.02	0.0003
0.0004	0.019617	0.0008	0.001	0.0002	0.0003	0.0006	0.0001	0.0005	0.02	0.0003
0.0004	0.008011	0.0008	0.001	0.0002	0.0003	0.0006	0.0001	0.0005	0.02	0.0003
0.0004	0.018399	0.0008	0.001	0.0002	0.0003	0.0006	0.0001	0.0005	0.02	0.0003
0.0004	0.022248	0.0008	0.001	0.0002	0.0003	0.0006	0.0001	0.0005	0.02	0.0003
0.0004	0.024154	0.0008	0.001	0.0002	0.0003	0.0006	0.0001	0.0005	0.02	0.0003
0.0004	0.018898	0.0008	0.001	0.0002	0.0003	0.0006	0.0001	0.0005	0.02	0.0003
0.0004	0.0050778	0.0008	0.001	0.0002	0.0003	0.0006	0.0001	0.0005	0.02	0.0003
0.0004	0.0048195	0.0008	0.001	0.0002	0.0003	0.0006	0.0001	0.0005	0.02	0.0003
0.0004	0.013106	0.0008	0.001	0.0002	0.0003	0.0006	0.0001	0.0005	0.02	0.0003
0.0004	0.0031386	0.0008	0.001	0.0002	0.0003	0.0006	0.0001	0.0005	0.02	0.0003
0.0004	0.026169	0.0008	0.001	0.0002	0.0003	0.0006	0.0001	0.0005	0.02	0.0003
0.0004	0.018886	0.0008	0.001	0.0002	0.0003	0.0006	0.0001	0.0005	0.02	0.0003
0.0004	0.023719	0.0008	0.001	0.0002	0.0003	0.0006	0.0001	0.0005	0.02	0.0003
0.0004	0.011322	0.0008	0.001	0.0002	0.0003	0.0006	0.0001	0.0005	0.02	0.0003
0.0004	0.014385	0.0008	0.001	0.0002	0.0003	0.0006	0.0001	0.0005	0.02	0.0003
0.0004	0.016276	0.0008	0.001	0.0002	0.0003	0.0006	0.0001	0.0005	0.02	0.0003
0.0004	0.013061	0.0008	0.001	0.0002	0.0003	0.0006	0.0001	0.0005	0.02	0.0003
0.0004	0.026264	0.0008	0.001	0.0002	0.0003	0.0006	0.0001	0.0005	0.02	0.0003
0.0004	0.010217	0.0008	0.001	0.0002	0.0003	0.0006	0.0001	0.0005	0.02	0.0003
0.0004	0.012976	0.0008	0.001	0.0002	0.0003	0.0006	0.0001	0.0005	0.02	0.0003
0.0004	0.0013532	0.0008	0.001	0.0002	0.0003	0.0006	0.0001	0.0005	0.02	0.0003
0.0004	0.02226	0.0008	0.001	0.0002	0.0003	0.0006	0.0001	0.0005	0.02	0.0003
0.0004	0.006831	0.0008	0.001	0.0002	0.0003	0.0006	0.0001	0.0005	0.02	0.0003
0.0004	0.019243	0.0008	0.001	0.0002	0.0003	0.0006	0.0001	0.0005	0.02	0.0003
0.0004	0.0029473	0.0008	0.001	0.0002	0.0003	0.0006	0.0001	0.0005	0.02	0.0003
0.0004	0.0035934	0.0008	0.001	0.0002	0.0003	0.0006	0.0001	0.0005	0.02	0.0003
0.0004	0.010789	0.0008	0.001	0.0002	0.0003	0.0006	0.0001	0.0005	0.02	0.0003
0.0004	0.0023983	0.0008	0.001	0.0002	0.0003	0.0006	0.0001	0.0005	0.02	0.0003
0.0004	0.0022031	0.0008	0.001	0.0002	0.0003	0.0006	0.0001	0.0005	0.02	0.0003
0.0004	0.021344	0.0008	0.001	0.0002	0.0003	0.0006	0.0001	0.0005	0.02	0.0003
0.0004	0.0029104	0.0008	0.001	0.0002	0.0003	0.0006	0.0001	0.0005	0.02	0.0003
0.0004	0.0060777	0.0008	0.001	0.0002	0.0003	0.0006	0.0001	0.0005	0.02	0.0003
0.0004	0.027106	0.0008	0.001	0.0002	0.0003	0.0006	0.0001	0.0005	0.02	0.0003
0.0004	0.0092819	0.0008	0.001	0.0002	0.0003	0.0006	0.0001	0.0005	0.02	0.0003
0.0004	0.0055687	0.0008	0.001	0.0002	0.0003	0.0006	0.0001	0.0005	0.02	0.0003
0.0004	0.020557	0.0008	0.001	0.0002	0.0003	0.0006	0.0001	0.0005	0.02	0.0003
0.0004	0.015469	0.0008	0.001	0.0002	0.0003	0.0006	0.0001	0.0005	0.02	0.0003
0.0004	0.027256	0.0008	0.001	0.0002	0.0003	0.0006	0.0001	0.0005	0.02	0.0003
0.0004	0.013087	0.0008	0.001	0.0002	0.0003	0.0006	0.0001	0.0005	0.02	0.0003
0.0004	0.00089364	0.0008	0.001	0.0002	0.0003	0.0006	0.0001	0.0005	0.02	0.0003
0.0004	0.0046718	0.0008	0.001	0.0002	0.0003	0.0006	0.0001	0.0005	0.02	0.0003
0.0004	0.022787	0.0008	0.001	0.0002	0.0003	0.0006	0.0001	0.0005	0.02	0.0003
0.0004	0.012164	0.0008	0.001	0.0002	0.0003	0.0006	0.0001	0.0005	0.02	0.0003
0.0004	0.0061221	0.0008	0.001	0.0002	0.0003	0.0006	0.0001	0.0005	0.02	0.0003
0.0004	0.012225	0.0008	0.001	0.0002	0.0003	0.0006	0.0001	0.0005	0.02	0.0003
0.0004	0.013039	0.0008	0.001	0.0002	0.0003	0.0006	0.0001	0.0005	0.02	0.0003
0.0004	0.021765	0.0008	0.001	0.0002	0.0003	0.0006	0.0001	0.0005	0.02	0.0003
0.0004	0.027767	0.0008	0.001	0.0002	0.0003	0.0006	0.0001	0.0005	0.02	0.0003
0.0004	0.020569	0.0008	0.001	0.0002	0.0003	0.0006	0.0001	0.0005	0.02	0.0003
0.0004	0.0085566	0.0008	0.001	0.0002	0.0003	0.0006	0.0001	0.0005	0.02	0.0003
0.0004	0.0060526	0.0008	0.001	0.0002	0.0003	0.0006	0.0001	0.0005	0.02	0.0003
0.0004	0.013419	0.0008	0.001	0.0002	0.0003	0.0006	0.0001	0.0005	0.02	0.0003
0.0004	0.021025	0.0008	0.001	0.0002	0.0003	0.0006	0.0001	0.0005	0.02	0.0003
0.0004	0.0033876	0.0008	0.001	0.0002	0.0003	0.0006	0.0001	0.0005	0.02	0.0003
0.0004	0.026032	0.0008	0.001	0.0002	0.0003	0.0006	0.0001	0.0005	0.02	0.0003
0.0004	0.0185	0.0008	0.001	0.0002	0.0003	0.0006	0.0001	0.0005	0.02	0.0003
0.0004	0.0029992	0.0008	0.001	0.0002	0.0003	0.0006	0.0001	0.0005	0.02	0.0003
0.0004	0.022357	0.0008	0.001	0.0002	0.0003	0.0006	0.0001	0.0005	0.02	0.0003
0.0004	0.0004	0.011306	0.001	0.0002	0.0003	0.0006	0.0001	0.0005	0.02	0.0003
0.0004	0.0004	0.0050359	0.001	0.0002	0.0003	0.0006	0.0001	0.0005	0.02	0.0003
0.0004	0.0004	0.0016926	0.001	0.0002	0.0003	0.0006	0.0001	0.0005	0.02	0.0003
0.0004	0.0004	0.012989	0.001	0.0002	0.0003	0.0006	0.0001	0.0005	0.02	0.0003
0.0004	0.0004	0.0040421	0.001	0.0002	0.0003	0.0006	0.0001	0.0005	0.02	0.0003
0.0004	0.0004	0.012148	0.001	0.0002	0.0003	0.0006	0.0001	0.0005	0.02	0.0003
0.0004	0.0004	0.0068552	0.001	0.0002	0.0003	0.0006	0.0001	0.0005	0.02	0.0003
0.0004	0.0004	0.0011395	0.001	0.0002	0.0003	0.0006	0.0001	0.0005	0.02	0.0003
0.0004	0.0004	0.0064964	0.001	0.0002	0.0003	0.0006	0.0001	0.0005	0.02	0.0003
0.0004	0.0004	0.005884	0.001	0.0002	0.0003	0.0006	0.0001	0.0005	0.02	0.0003
0.0004	0.0004	0.0021715	0.001	0.0002	0.0003	0.0006	0.0001	0.0005	0.02	0.0003
0.0004	0.0004	0.0015145	0.001	0.0002	0.0003	0.0006	0.0001	0.0005	0.02	0.0003
0.0004	0.0004	0.013095	0.001	0.0002	0.0003	0.0006	0.0001	0.0005	0.02	0.0003
0.0004	0.0004	0.0029962	0.001	0.0002	0.0003	0.0006	0.0001	0.0005	0.02	0.0003
0.0004	0.0004	0.012018	0.001	0.0002	0.0003	0.0006	0.0001	0.0005	0.02	0.0003
0.0004	0.0004	0.010754	0.001	0.0002	0.0003	0.0006	0.0001	0.0005	0.02	0.0003
0.0004	0.0004	0.0024622	0.001	0.0002	0.0003	0.0006	0.0001	0.0005	0.02	0.0003
0.0004	0.0004	0.0058031	0.001	0.0002	0.0003	0.0006	0.0001	0.0005	0.02	0.0003
0.0004	0.0004	0.0033408	0.001	0.0002	0.0003	0.0006	0.0001	0.0005	0.02	0.0003
0.0004	0.0004	0.012338	0.001	0.0002	0.0003	0.0006	0.0001	0.0005	0.02	0.0003
0.0004	0.0004	0.0032617	0.001	0.0002	0.0003	0.0006	0.0001	0.0005	0.02	0.0003
0.0004	0.0004	0.012965	0.001	0.0002	0.0003	0.0006	0.0001	0.0005	0.02	0.0003
0.0004	0.0004	0.0074339	0.001	0.0002	0.0003	0.0006	0.0001	0.0005	0.02	0.0003
0.0004	0.0004	0.01365	0.001	0.0002	0.0003	0.0006	0.0001	0.0005	0.02	0.0003
0.0004	0.0004	0.0073551	0.001	0.0002	0.0003	0.0006	0.0001	0.0005	0.02	0.0003
0.0004	0.0004	0.0026962	0.001	0.0002	0.0003	0.0006	0.0001	0.0005	0.02	0.0003
0.0004	0.0004	0.012109	0.001	0.0002	0.0003	0.0006	0.0001	0.0005	0.02	0.0003
0.0004	0.0004	0.0016899	0.001	0.0002	0.0003	0.0006	0.0001	0.0005	0.02	0.0003
0.0004	0.0004	0.012655	0.001	0.0002	0.0003	0.0006	0.0001	0.0005	0.02	0.0003
0.0004	0.0004	0.007578	0.001	0.0002	0.0003	0.0006	0.0001	0.0005	0.02	0.0003
0.0004	0.0004	0.013188	0.001	0.0002	0.0003	0.0006	0.0001	0.0005	0.02	0.0003
0.0004	0.0004	0.013903	0.001	0.0002	0.0003	0.0006	0.0001	0.0005	0.02	0.0003
0.0004	0.0004	0.0093336	0.001	0.0002	0.0003	0.0006	0.0001	0.0005	0.02	0.0003
0.0004	0.0004	0.013783	0.001	0.0002	0.0003	0.0006	0.0001	0.0005	0.02	0.0003
0.0004	0.0004	0.0084744	0.001	0.0002	0.0003	0.0006	0.0001	0.0005	0.02	0.0003
0.0004	0.0004	0.0023237	0.001	0.0002	0.0003	0.0006	0.0001	0.0005	0.02	0.0003
0.0004	0.0004	0.012034	0.001	0.0002	0.0003	0.0006	0.0001	0.0005	0.02	0.0003
0.0004	0.0004	0.0081017	0.001	0.0002	0.0003	0.0006	0.0001	0.0005	0.02	0.0003
0.0004	0.0004	0.0061947	0.001	0.0002	0.0003	0.0006	0.0001	0.0005	0.02	0.0003
0.0004	0.0004	0.0032579	0.001	0.0002	0.0003	0.0006	0.0001	0.0005	0.02	0.0003
0.0004	0.0004	0.0080569	0.001	0.0002	0.0003	0.0006	0.0001	0.0005	0.02	0.0003
0.0004	0.0004	0.012955	0.001	0.0002	0.0003	0.0006	0.0001	0.0005	0.02	0.0003
0.0004	0.0004	0.0034992	0.001	0.0002	0.0003	0.0006	0.0001	0.0005	0.02	0.0003
0.0004	0.0004	0.0016211	0.001	0.0002	0.0003	0.0006	0.0001	0.0005	0.02	0.0003
0.0004	0.0004	0.0051104	0.001	0.0002	0.0003	0.0006	0.0001	0.0005	0.02	0.0003
0.0004	0.0004	0.0034394	0.001	0.0002	0.0003	0.0006	0.0001	0.0005	0.02	0.0003
0.0004	0.0004	0.0027732	0.001	0.0002	0.0003	0.0006	0.0001	0.0005	0.02	0.0003
0.0004	0.0004	0.011991	0.001	0.0002	0.0003	0.0006	0.0001	0.0005	0.02	0.0003
0.0004	0.0004	0.011261	0.001	0.0002	0.0003	0.0006	0.0001	0.0005	0.02	0.0003
0.0004	0.0004	0.011802	0.001	0.0002	0.0003	0.0006	0.0001	0.0005	0.02	0.0003
0.0004	0.0004	0.013273	0.001	0.0002	0.0003	0.0006	0.0001	0.0005	0.02	0.0003
0.0004	0.0004	0.005781	0.001	0.0002	0.0003	0.0006	0.0001	0.0005	0.02	0.0003
0.0004	0.0004	0.0030043	0.001	0.0002	0.0003	0.0006	0.0001	0.0005	0.02	0.0003
0.0004	0.0004	0.0074202	0.001	0.0002	0.0003	0.0006	0.0001	0.0005	0.02	0.0003
0.0004	0.0004	0.01254	0.001	0.0002	0.0003	0.0006	0.0001	0.0005	0.02	0.0003
0.0004	0.0004	0.0038824	0.001	0.0002	0.0003	0.0006	0.0001	0.0005	0.02	0.0003
0.0004	0.0004	0.0023523	0.001	0.0002	0.0003	0.0006	0.0001	0.0005	0.02	0.0003
0.0004	0.0004	0.0091128	0.001	0.0002	0.0003	0.0006	0.0001	0.0005	0.02	0.0003
0.0004	0.0004	0.0048702	0.001	0.0002	0.0003	0.0006	0.0001	0.0005	0.02	0.0003
0.0004	0.0004	0.013595	0.001	0.0002	0.0003	0.0006	0.0001	0.0005	0.02	0.0003
0.0004	0.0004	0.010786	0.001	0.0002	0.0003	0.0006	0.0001	0.0005	0.02	0.0003
0.0004	0.0004	0.01157	0.001	0.0002	0.0003	0.0006	0.0001	0.0005	0.02	0.0003
0.0004	0.0004	0.0058348	0.001	0.0002	0.0003	0.0006	0.0001	0.0005	0.02	0.0003
0.0004	0.0004	0.004582	0.001	0.0002	0.0003	0.0006	0.0001	0.0005	0.02	0.0003
0.0004	0.0004	0.0012937	0.001	0.0002	0.0003	0.0006	0.0001	0.0005	0.02	0.0003
0.0004	0.0004	0.011984	0.001	0.0002	0.0003	0.0006	0.0001	0.0005	0.02	0.0003
0.0004	0.0004	0.0051893	0.001	0.0002	0.0003	0.0006	0.0001	0.0005	0.02	0.0003
0.0004	0.0004	0.012449	0.001	0.0002	0.0003	0.0006	0.0001	0.0005	0.02	0.0003
0.0004	0.0004	0.010507	0.001	0.0002	0.0003	0.0006	0.0001	0.0005	0.02	0.0003
0.0004	0.0004	0.0048743	0.001	0.0002	0.0003	0.0006	0.0001	0.0005	0.02	0.0003
0.0004	0.0004	0.0022635	0.001	0.0002	0.0003	0.0006	0.0001	0.0005	0.02	0.0003
0.0004	0.0004	0.0077371	0.001	0.0002	0.0003	0.0006	0.0001	0.0005	0.02	0.0003
0.0004	0.0004	0.011995	0.001	0.0002	0.0003	0.0006	0.0001	0.0005	0.02	0.0003
0.0004	0.0004	0.0069311	0.001	0.0002	0.0003	0.0006	0.0001	0.0005	0.02	0.0003
0.0004	0.0004	0.00085894	0.001	0.0002	0.0003	0.0006	0.0001	0.0005	0.02	0.0003
0.0004	0.0004	0.0049146	0.001	0.0002	0.0003	0.0006	0.0001	0.0005	0.02	0.0003
0.0004	0.0004	0.0040733	0.001	0.0002	0.0003	0.0006	0.0001	0.0005	0.02	0.0003
0.0004	0.0004	0.0088744	0.001	0.0002	0.0003	0.0006	0.0001	0.0005	0.02	0.0003
0.0004	0.0004	0.0035477	0.001	0.0002	0.0003	0.0006	0.0001	0.0005	0.02	0.0003
0.0004	0.0004	0.0019185	0.001	0.0002	0.0003	0.0006	0.0001	0.0005	0.02	0.0003
0.0004	0.0004	0.0062464	0.001	0.0002	0.0003	0.0006	0.0001	0.0005	0.02	0.0003
0.0004	0.0004	0.011047	0.001	0.0002	0.0003	0.0006	0.0001	0.0005	0.02	0.0003
0.0004	0.0004	0.0099566	0.001	0.0002	0.0003	0.0006	0.0001	0.0005	0.02	0.0003
0.0004	0.0004	0.0095416	0.001	0.0002	0.0003	0.0006	0.0001	0.0005	0.02	0.0003
0.0004	0.0004	0.009257	0.001	0.0002	0.0003	0.0006	0.0001	0.0005	0.02	0.0003
0.0004	0.0004	0.010992	0.001	0.0002	0.0003	0.0006	0.0001	0.0005	0.02	0.0003
0.0004	0.0004	0.0027586	0.001	0.0002	0.0003	0.0006	0.0001	0.0005	0.02	0.0003
0.0004	0.0004	0.0078125	0.001	0.0002	0.0003	0.0006	0.0001	0.0005	0.02	0.0003
0.0004	0.0004	0.0047506	0.001	0.0002	0.0003	0.0006	0.0001	0.0005	0.02	0.0003
0.0004	0.0004	0.012533	0.001	0.0002	0.0003	0.0006	0.0001	0.0005	0.02	0.0003
0.0004	0.0004	0.01188	0.001	0.0002	0.0003	0.0006	0.0001	0.0005	0.02	0.0003
0.0004	0.0004	0.0008	0.029552	0.0002	0.0003	0.0006	0.0001	0.0005	0.02	0.0003
0.0004	0.0004	0.0008	0.027115	0.0002	0.0003	0.0006	0.0001	0.0005	0.02	0.0003
0.0004	0.0004	0.0008	0.0065277	0.0002	0.0003	0.0006	0.0001	0.0005	0.02	0.0003
0.0004	0.0004	0.0008	0.0042831	0.0002	0.0003	0.0006	0.0001	0.0005	0.02	0.0003
0.0004	0.0004	0.0008	0.036161	0.0002	0.0003	0.0006	0.0001	0.0005	0.02	0.0003
0.0004	0.0004	0.0008	0.0051984	0.0002	0.0003	0.0006	0.0001	0.0005	0.02	0.0003
0.0004	0.0004	0.0008	0.025131	0.0002	0.0003	0.0006	0.0001	0.0005	0.02	0.0003
0.0004	0.0004	0.0008	0.022664	0.0002	0.0003	0.0006	0.0001	0.0005	0.02	0.0003
0.0004	0.0004	0.0008	0.018433	0.0002	0.0003	0.0006	0.0001	0.0005	0.02	0.0003
0.0004	0.0004	0.0008	0.0021939	0.0002	0.0003	0.0006	0.0001	0.0005	0.02	0.0003
0.0004	0.0004	0.0008	0.018803	0.0002	0.0003	0.0006	0.0001	0.0005	0.02	0.0003
0.0004	0.0004	0.0008	0.0060251	0.0002	0.0003	0.0006	0.0001	0.0005	0.02	0.0003
0.0004	0.0004	0.0008	0.015409	0.0002	0.0003	0.0006	0.0001	0.0005	0.02	0.0003
0.0004	0.0004	0.0008	0.034826	0.0002	0.0003	0.0006	0.0001	0.0005	0.02	0.0003
0.0004	0.0004	0.0008	0.006017	0.0002	0.0003	0.0006	0.0001	0.0005	0.02	0.0003
0.0004	0.0004	0.0008	0.022934	0.0002	0.0003	0.0006	0.0001	0.0005	0.02	0.0003
0.0004	0.0004	0.0008	0.0092441	0.0002	0.0003	0.0006	0.0001	0.0005	0.02	0.0003
0.0004	0.0004	0.0008	0.015662	0.0002	0.0003	0.0006	0.0001	0.0005	0.02	0.0003
0.0004	0.0004	0.0008	0.015093	0.0002	0.0003	0.0006	0.0001	0.0005	0.02	0.0003
0.0004	0.0004	0.0008	0.032291	0.0002	0.0003	0.0006	0.0001	0.0005	0.02	0.0003
0.0004	0.0004	0.0008	0.025611	0.0002	0.0003	0.0006	0.0001	0.0005	0.02	0.0003
0.0004	0.0004	0.0008	0.028123	0.0002	0.0003	0.0006	0.0001	0.0005	0.02	0.0003
0.0004	0.0004	0.0008	0.013937	0.0002	0.0003	0.0006	0.0001	0.0005	0.02	0.0003
0.0004	0.0004	0.0008	0.031676	0.0002	0.0003	0.0006	0.0001	0.0005	0.02	0.0003
0.0004	0.0004	0.0008	0.012447	0.0002	0.0003	0.0006	0.0001	0.0005	0.02	0.0003
0.0004	0.0004	0.0008	0.020162	0.0002	0.0003	0.0006	0.0001	0.0005	0.02	0.0003
0.0004	0.0004	0.0008	0.028668	0.0002	0.0003	0.0006	0.0001	0.0005	0.02	0.0003
0.0004	0.0004	0.0008	0.025381	0.0002	0.0003	0.0006	0.0001	0.0005	0.02	0.0003
0.0004	0.0004	0.0008	0.032919	0.0002	0.0003	0.0006	0.0001	0.0005	0.02	0.0003
0.0004	0.0004	0.0008	0.034468	0.0002	0.0003	0.0006	0.0001	0.0005	0.02	0.0003
0.0004	0.0004	0.0008	0.012915	0.0002	0.0003	0.0006	0.0001	0.0005	0.02	0.0003
0.0004	0.0004	0.0008	0.0015932	0.0002	0.0003	0.0006	0.0001	0.0005	0.02	0.0003
0.0004	0.0004	0.0008	0.018005	0.0002	0.0003	0.0006	0.0001	0.0005	0.02	0.0003
0.0004	0.0004	0.0008	0.0099748	0.0002	0.0003	0.0006	0.0001	0.0005	0.02	0.0003
0.0004	0.0004	0.0008	0.0030388	0.0002	0.0003	0.0006	0.0001	0.0005	0.02	0.0003
0.0004	0.0004	0.0008	0.029937	0.0002	0.0003	0.0006	0.0001	0.0005	0.02	0.0003
0.0004	0.0004	0.0008	0.0045336	0.0002	0.0003	0.0006	0.0001	0.0005	0.02	0.0003
0.0004	0.0004	0.0008	0.033167	0.0002	0.0003	0.0006	0.0001	0.0005	0.02	0.0003
0.0004	0.0004	0.0008	0.0076133	0.0002	0.0003	0.0006	0.0001	0.0005	0.02	0.0003
0.0004	0.0004	0.0008	0.017336	0.0002	0.0003	0.0006	0.0001	0.0005	0.02	0.0003
0.0004	0.0004	0.0008	0.0099532	0.0002	0.0003	0.0006	0.0001	0.0005	0.02	0.0003
0.0004	0.0004	0.0008	0.033492	0.0002	0.0003	0.0006	0.0001	0.0005	0.02	0.0003
0.0004	0.0004	0.0008	0.0090066	0.0002	0.0003	0.0006	0.0001	0.0005	0.02	0.0003
0.0004	0.0004	0.0008	0.010776	0.0002	0.0003	0.0006	0.0001	0.0005	0.02	0.0003
0.0004	0.0004	0.0008	0.0028813	0.0002	0.0003	0.0006	0.0001	0.0005	0.02	0.0003
0.0004	0.0004	0.0008	0.0038038	0.0002	0.0003	0.0006	0.0001	0.0005	0.02	0.0003
0.0004	0.0004	0.0008	0.02994	0.0002	0.0003	0.0006	0.0001	0.0005	0.02	0.0003
0.0004	0.0004	0.0008	0.027825	0.0002	0.0003	0.0006	0.0001	0.0005	0.02	0.0003
0.0004	0.0004	0.0008	0.02081	0.0002	0.0003	0.0006	0.0001	0.0005	0.02	0.0003
0.0004	0.0004	0.0008	0.0092401	0.0002	0.0003	0.0006	0.0001	0.0005	0.02	0.0003
0.0004	0.0004	0.0008	0.025111	0.0002	0.0003	0.0006	0.0001	0.0005	0.02	0.0003
0.0004	0.0004	0.0008	0.0014165	0.0002	0.0003	0.0006	0.0001	0.0005	0.02	0.0003
0.0004	0.0004	0.0008	0.007885	0.0002	0.0003	0.0006	0.0001	0.0005	0.02	0.0003
0.0004	0.0004	0.0008	0.025395	0.0002	0.0003	0.0006	0.0001	0.0005	0.02	0.0003
0.0004	0.0004	0.0008	0.035038	0.0002	0.0003	0.0006	0.0001	0.0005	0.02	0.0003
0.0004	0.0004	0.0008	0.0036629	0.0002	0.0003	0.0006	0.0001	0.0005	0.02	0.0003
0.0004	0.0004	0.0008	0.006838	0.0002	0.0003	0.0006	0.0001	0.0005	0.02	0.0003
0.0004	0.0004	0.0008	0.019645	0.0002	0.0003	0.0006	0.0001	0.0005	0.02	0.0003
0.0004	0.0004	0.0008	0.033684	0.0002	0.0003	0.0006	0.0001	0.0005	0.02	0.0003
0.0004	0.0004	0.0008	0.015552	0.0002	0.0003	0.0006	0.0001	0.0005	0.02	0.0003
0.0004	0.0004	0.0008	0.014647	0.0002	0.0003	0.0006	0.0001	0.0005	0.02	0.0003
0.0004	0.0004	0.0008	0.01105	0.0002	0.0003	0.0006	0.0001	0.0005	0.02	0.0003
0.0004	0.0004	0.0008	0.014555	0.0002	0.0003	0.0006	0.0001	0.0005	0.02	0.0003
0.0004	0.0004	0.0008	0.003711	0.0002	0.0003	0.0006	0.0001	0.0005	0.02	0.0003
0.0004	0.0004	0.0008	0.0047303	0.0002	0.0003	0.0006	0.0001	0.0005	0.02	0.0003
0.0004	0.0004	0.0008	0.019489	0.0002	0.0003	0.0006	0.0001	0.0005	0.02	0.0003
0.0004	0.0004	0.0008	0.030188	0.0002	0.0003	0.0006	0.0001	0.0005	0.02	0.0003
0.0004	0.0004	0.0008	0.021349	0.0002	0.0003	0.0006	0.0001	0.0005	0.02	0.0003
0.0004	0.0004	0.0008	0.0064843	0.0002	0.0003	0.0006	0.0001	0.0005	0.02	0.0003
0.0004	0.0004	0.0008	0.0042372	0.0002	0.0003	0.0006	0.0001	0.0005	0.02	0.0003
0.0004	0.0004	0.0008	0.03336	0.0002	0.0003	0.0006	0.0001	0.0005	0.02	0.0003
0.0004	0.0004	0.0008	0.0053271	0.0002	0.0003	0.0006	0.0001	0.0005	0.02	0.0003
0.0004	0.0004	0.0008	0.0027981	0.0002	0.0003	0.0006	0.0001	0.0005	0.02	0.0003
0.0004	0.0004	0.0008	0.020376	0.0002	0.0003	0.0006	0.0001	0.0005	0.02	0.0003
0.0004	0.0004	0.0008	0.034508	0.0002	0.0003	0.0006	0.0001	0.0005	0.02	0.0003
0.0004	0.0004	0.0008	0.012418	0.0002	0.0003	0.0006	0.0001	0.0005	0.02	0.0003
0.0004	0.0004	0.0008	0.034988	0.0002	0.0003	0.0006	0.0001	0.0005	0.02	0.0003
0.0004	0.0004	0.0008	0.02578	0.0002	0.0003	0.0006	0.0001	0.0005	0.02	0.0003
0.0004	0.0004	0.0008	0.014708	0.0002	0.0003	0.0006	0.0001	0.0005	0.02	0.0003
0.0004	0.0004	0.0008	0.019152	0.0002	0.0003	0.0006	0.0001	0.0005	0.02	0.0003
0.0004	0.0004	0.0008	0.030704	0.0002	0.0003	0.0006	0.0001	0.0005	0.02	0.0003
0.0004	0.0004	0.0008	0.021772	0.0002	0.0003	0.0006	0.0001	0.0005	0.02	0.0003
0.0004	0.0004	0.0008	0.0013472	0.0002	0.0003	0.0006	0.0001	0.0005	0.02	0.0003
0.0004	0.0004	0.0008	0.02722	0.0002	0.0003	0.0006	0.0001	0.0005	0.02	0.0003
0.0004	0.0004	0.0008	0.024569	0.0002	0.0003	0.0006	0.0001	0.0005	0.02	0.0003
0.0004	0.0004	0.0008	0.012908	0.0002	0.0003	0.0006	0.0001	0.0005	0.02	0.0003
0.0004	0.0004	0.0008	0.0045859	0.0002	0.0003	0.0006	0.0001	0.0005	0.02	0.0003
0.0004	0.0004	0.0008	0.0014081	0.0002	0.0003	0.0006	0.0001	0.0005	0.02	0.0003
0.0004	0.0004	0.0008	0.021719	0.0002	0.0003	0.0006	0.0001	0.0005	0.02	0.0003
0.0004	0.0004	0.0008	0.030945	0.0002	0.0003	0.0006	0.0001	0.0005	0.02	0.0003
0.0004	0.0004	0.0008	0.0033747	0.0002	0.0003	0.0006	0.0001	0.0005	0.02	0.0003
0.0004	0.0004	0.0008	0.001	0.0027592	0.0003	0.0006	0.0001	0.0005	0.02	0.0003
0.0004	0.0004	0.0008	0.001	0.0055494	0.0003	0.0006	0.0001	0.0005	0.02	0.0003
0.0004	0.0004	0.0008	0.001	0.0019022	0.0003	0.0006	0.0001	0.0005	0.02	0.0003
0.0004	0.0004	0.0008	0.001	0.0076429	0.0003	0.0006	0.0001	0.0005	0.02	0.0003
0.0004	0.0004	0.0008	0.001	0.0075131	0.0003	0.0006	0.0001	0.0005	0.02	0.0003
0.0004	0.0004	0.0008	0.001	0.0017092	0.0003	0.0006	0.0001	0.0005	0.02	0.0003
0.0004	0.0004	0.0008	0.001	0.0035104	0.0003	0.0006	0.0001	0.0005	0.02	0.0003
0.0004	0.0004	0.0008	0.001	0.0025279	0.0003	0.0006	0.0001	0.0005	0.02	0.0003
0.0004	0.0004	0.0008	0.001	0.0053018	0.0003	0.0006	0.0001	0.0005	0.02	0.0003
0.0004	0.0004	0.0008	0.001	0.0036937	0.0003	0.0006	0.0001	0.0005	0.02	0.0003
0.0004	0.0004	0.0008	0.001	0.0031262	0.0003	0.0006	0.0001	0.0005	0.02	0.0003
0.0004	0.0004	0.0008	0.001	0.0059127	0.0003	0.0006	0.0001	0.0005	0.02	0.0003
0.0004	0.0004	0.0008	0.001	0.0045028	0.0003	0.0006	0.0001	0.0005	0.02	0.0003
0.0004	0.0004	0.0008	0.001	0.0069197	0.0003	0.0006	0.0001	0.0005	0.02	0.0003
0.0004	0.0004	0.0008	0.001	0.0050333	0.0003	0.0006	0.0001	0.0005	0.02	0.0003
0.0004	0.0004	0.0008	0.001	0.00094219	0.0003	0.0006	0.0001	0.0005	0.02	0.0003
0.0004	0.0004	0.0008	0.001	0.0051156	0.0003	0.0006	0.0001	0.0005	0.02	0.0003
0.0004	0.0004	0.0008	0.001	0.0055443	0.0003	0.0006	0.0001	0.0005	0.02	0.0003
0.0004	0.0004	0.0008	0.001	0.0012112	0.0003	0.0006	0.0001	0.0005	0.02	0.0003
0.0004	0.0004	0.0008	0.001	0.0064312	0.0003	0.0006	0.0001	0.0005	0.02	0.0003
0.0004	0.0004	0.0008	0.001	0.0024143	0.0003	0.0006	0.0001	0.0005	0.02	0.0003
0.0004	0.0004	0.0008	0.001	0.0064198	0.0003	0.0006	0.0001	0.0005	0.02	0.0003
0.0004	0.0004	0.0008	0.001	0.0059593	0.0003	0.0006	0.0001	0.0005	0.02	0.0003
0.0004	0.0004	0.0008	0.001	0.0062881	0.0003	0.0006	0.0001	0.0005	0.02	0.0003
0.0004	0.0004	0.0008	0.001	0.0037941	0.0003	0.0006	0.0001	0.0005	0.02	0.0003
0.0004	0.0004	0.0008	0.001	0.0046893	0.0003	0.0006	0.0001	0.0005	0.02	0.0003
0.0004	0.0004	0.0008	0.001	0.0019978	0.0003	0.0006	0.0001	0.0005	0.02	0.0003
0.0004	0.0004	0.0008	0.001	0.0079023	0.0003	0.0006	0.0001	0.0005	0.02	0.0003
0.0004	0.0004	0.0008	0.001	0.004659	0.0003	0.0006	0.0001	0.0005	0.02	0.0003
0.0004	0.0004	0.0008	0.001	0.0029337	0.0003	0.0006	0.0001	0.0005	0.02	0.0003
0.0004	0.0004	0.0008	0.001	0.005104	0.0003	0.0006	0.0001	0.0005	0.02	0.0003
0.0004	0.0004	0.0008	0.001	0.0030989	0.0003	0.0006	0.0001	0.0005	0.02	0.0003
0.0004	0.0004	0.0008	0.001	0.0039226	0.0003	0.0006	0.0001	0.0005	0.02	0.0003
0.0004	0.0004	0.0008	0.001	0.0076452	0.0003	0.0006	0.0001	0.0005	0.02	0.0003
0.0004	0.0004	0.0008	0.001	0.0051433	0.0003	0.0006	0.0001	0.0005	0.02	0.0003
0.0004	0.0004	0.0008	0.001	0.0031002	0.0003	0.0006	0.0001	0.0005	0.02	0.0003
0.0004	0.0004	0.0008	0.001	0.0055282	0.0003	0.0006	0.0001	0.0005	0.02	0.0003
0.0004	0.0004	0.0008	0.001	0.0073393	0.0003	0.0006	0.0001	0.0005	0.02	0.0003
0.0004	0.0004	0.0008	0.001	0.0035124	0.0003	0.0006	0.0001	0.0005	0.02	0.0003
0.0004	0.0004	0.0008	0.001	0.0052776	0.0003	0.0006	0.0001	0.0005	0.02	0.0003
0.0004	0.0004	0.0008	0.001	0.0052579	0.0003	0.0006	0.0001	0.0005	0.02	0.0003
0.0004	0.0004	0.0008	0.001	0.0046515	0.0003	0.0006	0.0001	0.0005	0.02	0.0003
0.0004	0.0004	0.0008	0.001	0.0021362	0.0003	0.0006	0.0001	0.0005	0.02	0.0003
0.0004	0.0004	0.0008	0.001	0.0039393	0.0003	0.0006	0.0001	0.0005	0.02	0.0003
0.0004	0.0004	0.0008	0.001	0.0059887	0.0003	0.0006	0.0001	0.0005	0.02	0.0003
0.0004	0.0004	0.0008	0.001	0.0072063	0.0003	0.0006	0.0001	0.0005	0.02	0.0003
0.0004	0.0004	0.0008	0.001	0.0040383	0.0003	0.0006	0.0001	0.0005	0.02	0.0003
0.0004	0.0004	0.0008	0.001	0.00473	0.0003	0.0006	0.0001	0.0005	0.02	0.0003
0.0004	0.0004	0.0008	0.001	0.00037211	0.0003	0.0006	0.0001	0.0005	0.02	0.0003
0.0004	0.0004	0.0008	0.001	0.0054612	0.0003	0.0006	0.0001	0.0005	0.02	0.0003
0.0004	0.0004	0.0008	0.001	0.00034695	0.0003	0.0006	0.0001	0.0005	0.02	0.0003
0.0004	0.0004	0.0008	0.001	0.0073649	0.0003	0.0006	0.0001	0.0005	0.02	0.0003
0.0004	0.0004	0.0008	0.001	0.0014613	0.0003	0.0006	0.0001	0.0005	0.02	0.0003
0.0004	0.0004	0.0008	0.001	0.0050931	0.0003	0.0006	0.0001	0.0005	0.02	0.0003
0.0004	0.0004	0.0008	0.001	0.00043173	0.0003	0.0006	0.0001	0.0005	0.02	0.0003
0.0004	0.0004	0.0008	0.001	0.0059679	0.0003	0.0006	0.0001	0.0005	0.02	0.0003
0.0004	0.0004	0.0008	0.001	0.00092376	0.0003	0.0006	0.0001	0.0005	0.02	0.0003
0.0004	0.0004	0.0008	0.001	0.0024639	0.0003	0.0006	0.0001	0.0005	0.02	0.0003
0.0004	0.0004	0.0008	0.001	0.00068841	0.0003	0.0006	0.0001	0.0005	0.02	0.0003
0.0004	0.0004	0.0008	0.001	0.0054361	0.0003	0.0006	0.0001	0.0005	0.02	0.0003
0.0004	0.0004	0.0008	0.001	0.00094612	0.0003	0.0006	0.0001	0.0005	0.02	0.0003
0.0004	0.0004	0.0008	0.001	0.0079774	0.0003	0.0006	0.0001	0.0005	0.02	0.0003
0.0004	0.0004	0.0008	0.001	0.0028962	0.0003	0.0006	0.0001	0.0005	0.02	0.0003
0.0004	0.0004	0.0008	0.001	0.0040122	0.0003	0.0006	0.0001	0.0005	0.02	0.0003
0.0004	0.0004	0.0008	0.001	0.00277	0.0003	0.0006	0.0001	0.0005	0.02	0.0003
0.0004	0.0004	0.0008	0.001	0.0047914	0.0003	0.0006	0.0001	0.0005	0.02	0.0003
0.0004	0.0004	0.0008	0.001	0.00030387	0.0003	0.0006	0.0001	0.0005	0.02	0.0003
0.0004	0.0004	0.0008	0.001	0.0065291	0.0003	0.0006	0.0001	0.0005	0.02	0.0003
0.0004	0.0004	0.0008	0.001	0.0014535	0.0003	0.0006	0.0001	0.0005	0.02	0.0003
0.0004	0.0004	0.0008	0.001	0.00063713	0.0003	0.0006	0.0001	0.0005	0.02	0.0003
0.0004	0.0004	0.0008	0.001	0.0034094	0.0003	0.0006	0.0001	0.0005	0.02	0.0003
0.0004	0.0004	0.0008	0.001	0.005093	0.0003	0.0006	0.0001	0.0005	0.02	0.0003
0.0004	0.0004	0.0008	0.001	0.00060208	0.0003	0.0006	0.0001	0.0005	0.02	0.0003
0.0004	0.0004	0.0008	0.001	0.00070304	0.0003	0.0006	0.0001	0.0005	0.02	0.0003
0.0004	0.0004	0.0008	0.001	0.0060861	0.0003	0.0006	0.0001	0.0005	0.02	0.0003
0.0004	0.0004	0.0008	0.001	0.0010229	0.0003	0.0006	0.0001	0.0005	0.02	0.0003
0.0004	0.0004	0.0008	0.001	0.0050248	0.0003	0.0006	0.0001	0.0005	0.02	0.0003
0.0004	0.0004	0.0008	0.001	0.00039207	0.0003	0.0006	0.0001	0.0005	0.02	0.0003
0.0004	0.0004	0.0008	0.001	0.0050487	0.0003	0.0006	0.0001	0.0005	0.02	0.0003
0.0004	0.0004	0.0008	0.001	0.0021178	0.0003	0.0006	0.0001	0.0005	0.02	0.0003
0.0004	0.0004	0.0008	0.001	0.0043059	0.0003	0.0006	0.0001	0.0005	0.02	0.0003
0.0004	0.0004	0.0008	0.001	0.00074724	0.0003	0.0006	0.0001	0.0005	0.02	0.0003
0.0004	0.0004	0.0008	0.001	0.0027428	0.0003	0.0006	0.0001	0.0005	0.02	0.0003
0.0004	0.0004	0.0008	0.001	0.003353	0.0003	0.0006	0.0001	0.0005	0.02	0.0003
0.0004	0.0004	0.0008	0.001	0.0040557	0.0003	0.0006	0.0001	0.0005	0.02	0.0003
0.0004	0.0004	0.0008	0.001	0.0057514	0.0003	0.0006	0.0001	0.0005	0.02	0.0003
0.0004	0.0004	0.0008	0.001	0.0041602	0.0003	0.0006	0.0001	0.0005	0.02	0.0003
0.0004	0.0004	0.0008	0.001	0.0023688	0.0003	0.0006	0.0001	0.0005	0.02	0.0003
0.0004	0.0004	0.0008	0.001	0.0073809	0.0003	0.0006	0.0001	0.0005	0.02	0.0003
0.0004	0.0004	0.0008	0.001	0.0011553	0.0003	0.0006	0.0001	0.0005	0.02	0.0003
0.0004	0.0004	0.0008	0.001	0.0058976	0.0003	0.0006	0.0001	0.0005	0.02	0.0003
0.0004	0.0004	0.0008	0.001	0.0002	0.0010086	0.0006	0.0001	0.0005	0.02	0.0003
0.0004	0.0004	0.0008	0.001	0.0002	0.00037972	0.0006	0.0001	0.0005	0.02	0.0003
0.0004	0.0004	0.0008	0.001	0.0002	0.00056209	0.0006	0.0001	0.0005	0.02	0.0003
0.0004	0.0004	0.0008	0.001	0.0002	0.0015029	0.0006	0.0001	0.0005	0.02	0.0003
0.0004	0.0004	0.0008	0.001	0.0002	0.0015229	0.0006	0.0001	0.0005	0.02	0.0003
0.0004	0.0004	0.0008	0.001	0.0002	0.00092182	0.0006	0.0001	0.0005	0.02	0.0003
0.0004	0.0004	0.0008	0.001	0.0002	0.00084641	0.0006	0.0001	0.0005	0.02	0.0003
0.0004	0.0004	0.0008	0.001	0.0002	0.00079765	0.0006	0.0001	0.0005	0.02	0.0003
0.0004	0.0004	0.0008	0.001	0.0002	0.0011107	0.0006	0.0001	0.0005	0.02	0.0003
0.0004	0.0004	0.0008	0.001	0.0002	0.00083817	0.0006	0.0001	0.0005	0.02	0.0003
0.0004	0.0004	0.0008	0.001	0.0002	0.0010681	0.0006	0.0001	0.0005	0.02	0.0003
0.0004	0.0004	0.0008	0.001	0.0002	0.00044139	0.0006	0.0001	0.0005	0.02	0.0003
0.0004	0.0004	0.0008	0.001	0.0002	0.0003244	0.0006	0.0001	0.0005	0.02	0.0003
0.0004	0.0004	0.0008	0.001	0.0002	0.00043706	0.0006	0.0001	0.0005	0.02	0.0003
0.0004	0.0004	0.0008	0.001	0.0002	0.00098828	0.0006	0.0001	0.0005	0.02	0.0003
0.0004	0.0004	0.0008	0.001	0.0002	0.0015296	0.0006	0.0001	0.0005	0.02	0.0003
0.0004	0.0004	0.0008	0.001	0.0002	0.00072212	0.0006	0.0001	0.0005	0.02	0.0003
0.0004	0.0004	0.0008	0.001	0.0002	0.0015341	0.0006	0.0001	0.0005	0.02	0.0003
0.0004	0.0004	0.0008	0.001	0.0002	0.0011209	0.0006	0.0001	0.0005	0.02	0.0003
0.0004	0.0004	0.0008	0.001	0.0002	0.00064035	0.0006	0.0001	0.0005	0.02	0.0003
0.0004	0.0004	0.0008	0.001	0.0002	0.0007329	0.0006	0.0001	0.0005	0.02	0.0003
0.0004	0.0004	0.0008	0.001	0.0002	0.0010356	0.0006	0.0001	0.0005	0.02	0.0003
0.0004	0.0004	0.0008	0.001	0.0002	0.0013774	0.0006	0.0001	0.0005	0.02	0.0003
0.0004	0.0004	0.0008	0.001	0.0002	0.00075773	0.0006	0.0001	0.0005	0.02	0.0003
0.0004	0.0004	0.0008	0.001	0.0002	0.0012679	0.0006	0.0001	0.0005	0.02	0.0003
0.0004	0.0004	0.0008	0.001	0.0002	0.00078714	0.0006	0.0001	0.0005	0.02	0.0003
0.0004	0.0004	0.0008	0.001	0.0002	0.0011177	0.0006	0.0001	0.0005	0.02	0.0003
0.0004	0.0004	0.0008	0.001	0.0002	0.001186	0.0006	0.0001	0.0005	0.02	0.0003
0.0004	0.0004	0.0008	0.001	0.0002	0.00056488	0.0006	0.0001	0.0005	0.02	0.0003
0.0004	0.0004	0.0008	0.001	0.0002	0.00092001	0.0006	0.0001	0.0005	0.02	0.0003
0.0004	0.0004	0.0008	0.001	0.0002	0.00091101	0.0006	0.0001	0.0005	0.02	0.0003
0.0004	0.0004	0.0008	0.001	0.0002	0.0015721	0.0006	0.0001	0.0005	0.02	0.0003
0.0004	0.0004	0.0008	0.001	0.0002	0.0013397	0.0006	0.0001	0.0005	0.02	0.0003
0.0004	0.0004	0.0008	0.001	0.0002	0.0008557	0.0006	0.0001	0.0005	0.02	0.0003
0.0004	0.0004	0.0008	0.001	0.0002	0.00088146	0.0006	0.0001	0.0005	0.02	0.0003
0.0004	0.0004	0.0008	0.001	0.0002	0.0012145	0.0006	0.0001	0.0005	0.02	0.0003
0.0004	0.0004	0.0008	0.001	0.0002	0.00072963	0.0006	0.0001	0.0005	0.02	0.0003
0.0004	0.0004	0.0008	0.001	0.0002	0.00057466	0.0006	0.0001	0.0005	0.02	0.0003
0.0004	0.0004	0.0008	0.001	0.0002	0.00065412	0.0006	0.0001	0.0005	0.02	0.0003
0.0004	0.0004	0.0008	0.001	0.0002	0.0012477	0.0006	0.0001	0.0005	0.02	0.0003
0.0004	0.0004	0.0008	0.001	0.0002	0.00031601	0.0006	0.0001	0.0005	0.02	0.0003
0.0004	0.0004	0.0008	0.001	0.0002	0.00103	0.0006	0.0001	0.0005	0.02	0.0003
0.0004	0.0004	0.0008	0.001	0.0002	0.00053976	0.0006	0.0001	0.0005	0.02	0.0003
0.0004	0.0004	0.0008	0.001	0.0002	0.0012524	0.0006	0.0001	0.0005	0.02	0.0003
0.0004	0.0004	0.0008	0.001	0.0002	0.00030173	0.0006	0.0001	0.0005	0.02	0.0003
0.0004	0.0004	0.0008	0.001	0.0002	0.0011525	0.0006	0.0001	0.0005	0.02	0.0003
0.0004	0.0004	0.0008	0.001	0.0002	0.00083373	0.0006	0.0001	0.0005	0.02	0.0003
0.0004	0.0004	0.0008	0.001	0.0002	0.0011611	0.0006	0.0001	0.0005	0.02	0.0003
0.0004	0.0004	0.0008	0.001	0.0002	0.00050721	0.0006	0.0001	0.0005	0.02	0.0003
0.0004	0.0004	0.0008	0.001	0.0002	0.0014999	0.0006	0.0001	0.0005	0.02	0.0003
0.0004	0.0004	0.0008	0.001	0.0002	0.0014722	0.0006	0.0001	0.0005	0.02	0.0003
0.0004	0.0004	0.0008	0.001	0.0002	0.00072597	0.0006	0.0001	0.0005	0.02	0.0003
0.0004	0.0004	0.0008	0.001	0.0002	0.001452	0.0006	0.0001	0.0005	0.02	0.0003
0.0004	0.0004	0.0008	0.001	0.0002	0.0012005	0.0006	0.0001	0.0005	0.02	0.0003
0.0004	0.0004	0.0008	0.001	0.0002	0.0015391	0.0006	0.0001	0.0005	0.02	0.0003
0.0004	0.0004	0.0008	0.001	0.0002	0.00084408	0.0006	0.0001	0.0005	0.02	0.0003
0.0004	0.0004	0.0008	0.001	0.0002	0.0014086	0.0006	0.0001	0.0005	0.02	0.0003
0.0004	0.0004	0.0008	0.001	0.0002	0.0007768	0.0006	0.0001	0.0005	0.02	0.0003
0.0004	0.0004	0.0008	0.001	0.0002	0.00043397	0.0006	0.0001	0.0005	0.02	0.0003
0.0004	0.0004	0.0008	0.001	0.0002	0.0015236	0.0006	0.0001	0.0005	0.02	0.0003
0.0004	0.0004	0.0008	0.001	0.0002	0.00064784	0.0006	0.0001	0.0005	0.02	0.0003
0.0004	0.0004	0.0008	0.001	0.0002	0.00085138	0.0006	0.0001	0.0005	0.02	0.0003
0.0004	0.0004	0.0008	0.001	0.0002	0.0010018	0.0006	0.0001	0.0005	0.02	0.0003
0.0004	0.0004	0.0008	0.001	0.0002	0.001027	0.0006	0.0001	0.0005	0.02	0.0003
0.0004	0.0004	0.0008	0.001	0.0002	0.0011453	0.0006	0.0001	0.0005	0.02	0.0003
0.0004	0.0004	0.0008	0.001	0.0002	0.0012962	0.0006	0.0001	0.0005	0.02	0.0003
0.0004	0.0004	0.0008	0.001	0.0002	0.0013643	0.0006	0.0001	0.0005	0.02	0.0003
0.0004	0.0004	0.0008	0.001	0.0002	0.0015481	0.0006	0.0001	0.0005	0.02	0.0003
0.0004	0.0004	0.0008	0.001	0.0002	0.00074242	0.0006	0.0001	0.0005	0.02	0.0003
0.0004	0.0004	0.0008	0.001	0.0002	0.0013683	0.0006	0.0001	0.0005	0.02	0.0003
0.0004	0.0004	0.0008	0.001	0.0002	0.0010781	0.0006	0.0001	0.0005	0.02	0.0003
0.0004	0.0004	0.0008	0.001	0.0002	0.0011245	0.0006	0.0001	0.0005	0.02	0.0003
0.0004	0.0004	0.0008	0.001	0.0002	0.00034995	0.0006	0.0001	0.0005	0.02	0.0003
0.0004	0.0004	0.0008	0.001	0.0002	0.0014375	0.0006	0.0001	0.0005	0.02	0.0003
0.0004	0.0004	0.0008	0.001	0.0002	0.00060032	0.0006	0.0001	0.0005	0.02	0.0003
0.0004	0.0004	0.0008	0.001	0.0002	0.001577	0.0006	0.0001	0.0005	0.02	0.0003
0.0004	0.0004	0.0008	0.001	0.0002	0.00052729	0.0006	0.0001	0.0005	0.02	0.0003
0.0004	0.0004	0.0008	0.001	0.0002	0.00049979	0.0006	0.0001	0.0005	0.02	0.0003
0.0004	0.0004	0.0008	0.001	0.0002	0.0008082	0.0006	0.0001	0.0005	0.02	0.0003
0.0004	0.0004	0.0008	0.001	0.0002	0.00039667	0.0006	0.0001	0.0005	0.02	0.0003
0.0004	0.0004	0.0008	0.001	0.0002	0.0011366	0.0006	0.0001	0.0005	0.02	0.0003
0.0004	0.0004	0.0008	0.001	0.0002	0.00088951	0.0006	0.0001	0.0005	0.02	0.0003
0.0004	0.0004	0.0008	0.001	0.0002	0.0009726	0.0006	0.0001	0.0005	0.02	0.0003
0.0004	0.0004	0.0008	0.001	0.0002	0.0013974	0.0006	0.0001	0.0005	0.02	0.0003
0.0004	0.0004	0.0008	0.001	0.0002	0.0006791	0.0006	0.0001	0.0005	0.02	0.0003
0.0004	0.0004	0.0008	0.001	0.0002	0.00088726	0.0006	0.0001	0.0005	0.02	0.0003
0.0004	0.0004	0.0008	0.001	0.0002	0.00080943	0.0006	0.0001	0.0005	0.02	0.0003
0.0004	0.0004	0.0008	0.001	0.0002	0.00085854	0.0006	0.0001	0.0005	0.02	0.0003
0.0004	0.0004	0.0008	0.001	0.0002	0.0008309	0.0006	0.0001	0.0005	0.02	0.0003
0.0004	0.0004	0.0008	0.001	0.0002	0.0014881	0.0006	0.0001	0.0005	0.02	0.0003
0.0004	0.0004	0.0008	0.001	0.0002	0.00041264	0.0006	0.0001	0.0005	0.02	0.0003
0.0004	0.0004	0.0008	0.001	0.0002	0.0003	0.0025395	0.0001	0.0005	0.02	0.0003
0.0004	0.0004	0.0008	0.001	0.0002	0.0003	0.0039136	0.0001	0.0005	0.02	0.0003
0.0004	0.0004	0.0008	0.001	0.0002	0.0003	0.0012011	0.0001	0.0005	0.02	0.0003
0.0004	0.0004	0.0008	0.001	0.0002	0.0003	0.0010079	0.0001	0.0005	0.02	0.0003
0.0004	0.0004	0.0008	0.001	0.0002	0.0003	0.0039178	0.0001	0.0005	0.02	0.0003
0.0004	0.0004	0.0008	0.001	0.0002	0.0003	0.0015822	0.0001	0.0005	0.02	0.0003
0.0004	0.0004	0.0008	0.001	0.0002	0.0003	0.00068814	0.0001	0.0005	0.02	0.0003
0.0004	0.0004	0.0008	0.001	0.0002	0.0003	0.0035946	0.0001	0.0005	0.02	0.0003
0.0004	0.0004	0.0008	0.001	0.0002	0.0003	0.0048455	0.0001	0.0005	0.02	0.0003
0.0004	0.0004	0.0008	0.001	0.0002	0.0003	0.00091451	0.0001	0.0005	0.02	0.0003
0.0004	0.0004	0.0008	0.001	0.0002	0.0003	0.00070982	0.0001	0.0005	0.02	0.0003
0.0004	0.0004	0.0008	0.001	0.0002	0.0003	0.00095251	0.0001	0.0005	0.02	0.0003
0.0004	0.0004	0.0008	0.001	0.0002	0.0003	0.0022572	0.0001	0.0005	0.02	0.0003
0.0004	0.0004	0.0008	0.001	0.0002	0.0003	0.0014167	0.0001	0.0005	0.02	0.0003
0.0004	0.0004	0.0008	0.001	0.0002	0.0003	0.0035341	0.0001	0.0005	0.02	0.0003
0.0004	0.0004	0.0008	0.001	0.0002	0.0003	0.0025905	0.0001	0.0005	0.02	0.0003
0.0004	0.0004	0.0008	0.001	0.0002	0.0003	0.0017137	0.0001	0.0005	0.02	0.0003
0.0004	0.0004	0.0008	0.001	0.0002	0.0003	0.0038331	0.0001	0.0005	0.02	0.0003
0.0004	0.0004	0.0008	0.001	0.0002	0.0003	0.0038262	0.0001	0.0005	0.02	0.0003
0.0004	0.0004	0.0008	0.001	0.0002	0.0003	0.0029354	0.0001	0.0005	0.02	0.0003
0.0004	0.0004	0.0008	0.001	0.0002	0.0003	0.0018945	0.0001	0.0005	0.02	0.0003
0.0004	0.0004	0.0008	0.001	0.0002	0.0003	0.0032456	0.0001	0.0005	0.02	0.0003
0.0004	0.0004	0.0008	0.001	0.0002	0.0003	0.0040397	0.0001	0.0005	0.02	0.0003
0.0004	0.0004	0.0008	0.001	0.0002	0.0003	0.004062	0.0001	0.0005	0.02	0.0003
0.0004	0.0004	0.0008	0.001	0.0002	0.0003	0.0022786	0.0001	0.0005	0.02	0.0003
0.0004	0.0004	0.0008	0.001	0.0002	0.0003	0.0024838	0.0001	0.0005	0.02	0.0003
0.0004	0.0004	0.0008	0.001	0.0002	0.0003	0.0029531	0.0001	0.0005	0.02	0.0003
0.0004	0.0004	0.0008	0.001	0.0002	0.0003	0.0034227	0.0001	0.0005	0.02	0.0003
0.0004	0.0004	0.0008	0.001	0.0002	0.0003	0.0039791	0.0001	0.0005	0.02	0.0003
0.0004	0.0004	0.0008	0.001	0.0002	0.0003	0.0035935	0.0001	0.0005	0.02	0.0003
0.0004	0.0004	0.0008	0.001	0.0002	0.0003	0.0049935	0.0001	0.0005	0.02	0.0003
0.0004	0.0004	0.0008	0.001	0.0002	0.0003	0.0030045	0.0001	0.0005	0.02	0.0003
0.0004	0.0004	0.0008	0.001	0.0002	0.0003	0.00079324	0.0001	0.0005	0.02	0.0003
0.0004	0.0004	0.0008	0.001	0.0002	0.0003	0.0042536	0.0001	0.0005	0.02	0.0003
0.0004	0.0004	0.0008	0.001	0.0002	0.0003	0.0019975	0.0001	0.0005	0.02	0.0003
0.0004	0.0004	0.0008	0.001	0.0002	0.0003	0.0041065	0.0001	0.0005	0.02	0.0003
0.0004	0.0004	0.0008	0.001	0.0002	0.0003	0.0017082	0.0001	0.0005	0.02	0.0003
0.0004	0.0004	0.0008	0.001	0.0002	0.0003	0.0034331	0.0001	0.0005	0.02	0.0003
0.0004	0.0004	0.0008	0.001	0.0002	0.0003	0.00094818	0.0001	0.0005	0.02	0.0003
0.0004	0.0004	0.0008	0.001	0.0002	0.0003	0.0010033	0.0001	0.0005	0.02	0.0003
0.0004	0.0004	0.0008	0.001	0.0002	0.0003	0.0041114	0.0001	0.0005	0.02	0.0003
0.0004	0.0004	0.0008	0.001	0.0002	0.0003	0.0026117	0.0001	0.0005	0.02	0.0003
0.0004	0.0004	0.0008	0.001	0.0002	0.0003	0.0016254	0.0001	0.0005	0.02	0.0003
0.0004	0.0004	0.0008	0.001	0.0002	0.0003	0.001948	0.0001	0.0005	0.02	0.0003
0.0004	0.0004	0.0008	0.001	0.0002	0.0003	0.0043023	0.0001	0.0005	0.02	0.0003
0.0004	0.0004	0.0008	0.001	0.0002	0.0003	0.0017933	0.0001	0.0005	0.02	0.0003
0.0004	0.0004	0.0008	0.001	0.0002	0.0003	0.00073746	0.0001	0.0005	0.02	0.0003
0.0004	0.0004	0.0008	0.001	0.0002	0.0003	0.0011928	0.0001	0.0005	0.02	0.0003
0.0004	0.0004	0.0008	0.001	0.0002	0.0003	0.0023216	0.0001	0.0005	0.02	0.0003
0.0004	0.0004	0.0008	0.001	0.0002	0.0003	0.0018986	0.0001	0.0005	0.02	0.0003
0.0004	0.0004	0.0008	0.001	0.0002	0.0003	0.0027074	0.0001	0.0005	0.02	0.0003
0.0004	0.0004	0.0008	0.001	0.0002	0.0003	0.0046616	0.0001	0.0005	0.02	0.0003
0.0004	0.0004	0.0008	0.001	0.0002	0.0003	0.0017174	0.0001	0.0005	0.02	0.0003
0.0004	0.0004	0.0008	0.001	0.0002	0.0003	0.0041369	0.0001	0.0005	0.02	0.0003
0.0004	0.0004	0.0008	0.001	0.0002	0.0003	0.0047892	0.0001	0.0005	0.02	0.0003
0.0004	0.0004	0.0008	0.001	0.0002	0.0003	0.0047625	0.0001	0.0005	0.02	0.0003
0.0004	0.0004	0.0008	0.001	0.0002	0.0003	0.0044471	0.0001	0.0005	0.02	0.0003
0.0004	0.0004	0.0008	0.001	0.0002	0.0003	0.0014945	0.0001	0.0005	0.02	0.0003
0.0004	0.0004	0.0008	0.001	0.0002	0.0003	0.0041236	0.0001	0.0005	0.02	0.0003
0.0004	0.0004	0.0008	0.001	0.0002	0.0003	0.0024593	0.0001	0.0005	0.02	0.0003
0.0004	0.0004	0.0008	0.001	0.0002	0.0003	0.0044758	0.0001	0.0005	0.02	0.0003
0.0004	0.0004	0.0008	0.001	0.0002	0.0003	0.0042823	0.0001	0.0005	0.02	0.0003
0.0004	0.0004	0.0008	0.001	0.0002	0.0003	0.0021038	0.0001	0.0005	0.02	0.0003
0.0004	0.0004	0.0008	0.001	0.0002	0.0003	0.0032414	0.0001	0.0005	0.02	0.0003
0.0004	0.0004	0.0008	0.001	0.0002	0.0003	0.0041911	0.0001	0.0005	0.02	0.0003
0.0004	0.0004	0.0008	0.001	0.0002	0.0003	0.0030473	0.0001	0.0005	0.02	0.0003
0.0004	0.0004	0.0008	0.001	0.0002	0.0003	0.0031363	0.0001	0.0005	0.02	0.0003
0.0004	0.0004	0.0008	0.001	0.0002	0.0003	0.0032689	0.0001	0.0005	0.02	0.0003
0.0004	0.0004	0.0008	0.001	0.0002	0.0003	0.0010633	0.0001	0.0005	0.02	0.0003
0.0004	0.0004	0.0008	0.001	0.0002	0.0003	0.0030303	0.0001	0.0005	0.02	0.0003
0.0004	0.0004	0.0008	0.001	0.0002	0.0003	0.0011151	0.0001	0.0005	0.02	0.0003
0.0004	0.0004	0.0008	0.001	0.0002	0.0003	0.0015133	0.0001	0.0005	0.02	0.0003
0.0004	0.0004	0.0008	0.001	0.0002	0.0003	0.0049256	0.0001	0.0005	0.02	0.0003
0.0004	0.0004	0.0008	0.001	0.0002	0.0003	0.0018431	0.0001	0.0005	0.02	0.0003
0.0004	0.0004	0.0008	0.001	0.0002	0.0003	0.0039559	0.0001	0.0005	0.02	0.0003
0.0004	0.0004	0.0008	0.001	0.0002	0.0003	0.00072866	0.0001	0.0005	0.02	0.0003
0.0004	0.0004	0.0008	0.001	0.0002	0.0003	0.0048253	0.0001	0.0005	0.02	0.0003
0.0004	0.0004	0.0008	0.001	0.0002	0.0003	0.0027242	0.0001	0.0005	0.02	0.0003
0.0004	0.0004	0.0008	0.001	0.0002	0.0003	0.0030644	0.0001	0.0005	0.02	0.0003
0.0004	0.0004	0.0008	0.001	0.0002	0.0003	0.0018417	0.0001	0.0005	0.02	0.0003
0.0004	0.0004	0.0008	0.001	0.0002	0.0003	0.0038174	0.0001	0.0005	0.02	0.0003
0.0004	0.0004	0.0008	0.001	0.0002	0.0003	0.0031643	0.0001	0.0005	0.02	0.0003
0.0004	0.0004	0.0008	0.001	0.0002	0.0003	0.0028409	0.0001	0.0005	0.02	0.0003
0.0004	0.0004	0.0008	0.001	0.0002	0.0003	0.0016554	0.0001	0.0005	0.02	0.0003
0.0004	0.0004	0.0008	0.001	0.0002	0.0003	0.0010851	0.0001	0.0005	0.02	0.0003
0.0004	0.0004	0.0008	0.001	0.0002	0.0003	0.0049286	0.0001	0.0005	0.02	0.0003
0.0004	0.0004	0.0008	0.001	0.0002	0.0003	0.00433	0.0001	0.0005	0.02	0.0003
0.0004	0.0004	0.0008	0.001	0.0002	0.0003	0.0036029	0.0001	0.0005	0.02	0.0003
0.0004	0.0004	0.0008	0.001	0.0002	0.0003	0.00212	0.0001	0.0005	0.02	0.0003
0.0004	0.0004	0.0008	0.001	0.0002	0.0003	0.0045901	0.0001	0.0005	0.02	0.0003
0.0004	0.0004	0.0008	0.001	0.0002	0.0003	0.0015969	0.0001	0.0005	0.02	0.0003
0.0004	0.0004	0.0008	0.001	0.0002	0.0003	0.0006	0.00077558	0.0005	0.02	0.0003
0.0004	0.0004	0.0008	0.001	0.0002	0.0003	0.0006	0.0013441	0.0005	0.02	0.0003
0.0004	0.0004	0.0008	0.001	0.0002	0.0003	0.0006	0.00024748	0.0005	0.02	0.0003
0.0004	0.0004	0.0008	0.001	0.0002	0.0003	0.0006	0.0006939	0.0005	0.02	0.0003
0.0004	0.0004	0.0008	0.001	0.0002	0.0003	0.0006	0.0017563	0.0005	0.02	0.0003
0.0004	0.0004	0.0008	0.001	0.0002	0.0003	0.0006	0.0013133	0.0005	0.02	0.0003
0.0004	0.0004	0.0008	0.001	0.0002	0.0003	0.0006	0.0012645	0.0005	0.02	0.0003
0.0004	0.0004	0.0008	0.001	0.0002	0.0003	0.0006	0.001933	0.0005	0.02	0.0003
0.0004	0.0004	0.0008	0.001	0.0002	0.0003	0.0006	0.00024105	0.0005	0.02	0.0003
0.0004	0.0004	0.0008	0.001	0.0002	0.0003	0.0006	0.0015604	0.0005	0.02	0.0003
0.0004	0.0004	0.0008	0.001	0.0002	0.0003	0.0006	0.001426	0.0005	0.02	0.0003
0.0004	0.0004	0.0008	0.001	0.0002	0.0003	0.0006	0.0013408	0.0005	0.02	0.0003
0.0004	0.0004	0.0008	0.001	0.0002	0.0003	0.0006	0.00041792	0.0005	0.02	0.0003
0.0004	0.0004	0.0008	0.001	0.0002	0.0003	0.0006	0.0010524	0.0005	0.02	0.0003
0.0004	0.0004	0.0008	0.001	0.0002	0.0003	0.0006	0.00094568	0.0005	0.02	0.0003
0.0004	0.0004	0.0008	0.001	0.0002	0.0003	0.0006	0.0010421	0.0005	0.02	0.0003
0.0004	0.0004	0.0008	0.001	0.0002	0.0003	0.0006	0.00023132	0.0005	0.02	0.0003
0.0004	0.0004	0.0008	0.001	0.0002	0.0003	0.0006	0.0012347	0.0005	0.02	0.0003
0.0004	0.0004	0.0008	0.001	0.0002	0.0003	0.0006	0.0010425	0.0005	0.02	0.0003
0.0004	0.0004	0.0008	0.001	0.0002	0.0003	0.0006	0.0015417	0.0005	0.02	0.0003
0.0004	0.0004	0.0008	0.001	0.0002	0.0003	0.0006	0.0012498	0.0005	0.02	0.0003
0.0004	0.0004	0.0008	0.001	0.0002	0.0003	0.0006	0.00031903	0.0005	0.02	0.0003
0.0004	0.0004	0.0008	0.001	0.0002	0.0003	0.0006	0.0017338	0.0005	0.02	0.0003
0.0004	0.0004	0.0008	0.001	0.0002	0.0003	0.0006	0.00066442	0.0005	0.02	0.0003
0.0004	0.0004	0.0008	0.001	0.0002	0.0003	0.0006	0.00088884	0.0005	0.02	0.0003
0.0004	0.0004	0.0008	0.001	0.0002	0.0003	0.0006	0.00049254	0.0005	0.02	0.0003
0.0004	0.0004	0.0008	0.001	0.0002	0.0003	0.0006	0.0006702	0.0005	0.02	0.0003
0.0004	0.0004	0.0008	0.001	0.0002	0.0003	0.0006	0.0014005	0.0005	0.02	0.0003
0.0004	0.0004	0.0008	0.001	0.0002	0.0003	0.0006	0.001635	0.0005	0.02	0.0003
0.0004	0.0004	0.0008	0.001	0.0002	0.0003	0.0006	0.00032792	0.0005	0.02	0.0003
0.0004	0.0004	0.0008	0.001	0.0002	0.0003	0.0006	0.0016817	0.0005	0.02	0.0003
0.0004	0.0004	0.0008	0.001	0.0002	0.0003	0.0006	0.0013837	0.0005	0.02	0.0003
0.0004	0.0004	0.0008	0.001	0.0002	0.0003	0.0006	0.0010912	0.0005	0.02	0.0003
0.0004	0.0004	0.0008	0.001	0.0002	0.0003	0.0006	0.00095097	0.0005	0.02	0.0003
0.0004	0.0004	0.0008	0.001	0.0002	0.0003	0.0006	0.00028595	0.0005	0.02	0.0003
0.0004	0.0004	0.0008	0.001	0.0002	0.0003	0.0006	0.00096406	0.0005	0.02	0.0003
0.0004	0.0004	0.0008	0.001	0.0002	0.0003	0.0006	0.0017591	0.0005	0.02	0.0003
0.0004	0.0004	0.0008	0.001	0.0002	0.0003	0.0006	0.0015477	0.0005	0.02	0.0003
0.0004	0.0004	0.0008	0.001	0.0002	0.0003	0.0006	0.001359	0.0005	0.02	0.0003
0.0004	0.0004	0.0008	0.001	0.0002	0.0003	0.0006	0.001498	0.0005	0.02	0.0003
0.0004	0.0004	0.0008	0.001	0.0002	0.0003	0.0006	0.0010471	0.0005	0.02	0.0003
0.0004	0.0004	0.0008	0.001	0.0002	0.0003	0.0006	0.0015681	0.0005	0.02	0.0003
0.0004	0.0004	0.0008	0.001	0.0002	0.0003	0.0006	0.00037712	0.0005	0.02	0.0003
0.0004	0.0004	0.0008	0.001	0.0002	0.0003	0.0006	0.001901	0.0005	0.02	0.0003
0.0004	0.0004	0.0008	0.001	0.0002	0.0003	0.0006	0.0012255	0.0005	0.02	0.0003
0.0004	0.0004	0.0008	0.001	0.0002	0.0003	0.0006	0.00067631	0.0005	0.02	0.0003
0.0004	0.0004	0.0008	0.001	0.0002	0.0003	0.0006	0.00058164	0.0005	0.02	0.0003
0.0004	0.0004	0.0008	0.001	0.0002	0.0003	0.0006	0.00076375	0.0005	0.02	0.0003
0.0004	0.0004	0.0008	0.001	0.0002	0.0003	0.0006	0.0013931	0.0005	0.02	0.0003
0.0004	0.0004	0.0008	0.001	0.0002	0.0003	0.0006	0.0018251	0.0005	0.02	0.0003
0.0004	0.0004	0.0008	0.001	0.0002	0.0003	0.0006	0.0015242	0.0005	0.02	0.0003
0.0004	0.0004	0.0008	0.001	0.0002	0.0003	0.0006	0.0007585	0.0005	0.02	0.0003
0.0004	0.0004	0.0008	0.001	0.0002	0.0003	0.0006	0.00046119	0.0005	0.02	0.0003
0.0004	0.0004	0.0008	0.001	0.0002	0.0003	0.0006	0.00022311	0.0005	0.02	0.0003
0.0004	0.0004	0.0008	0.001	0.0002	0.0003	0.0006	0.0011698	0.0005	0.02	0.0003
0.0004	0.0004	0.0008	0.001	0.0002	0.0003	0.0006	0.0010286	0.0005	0.02	0.0003
0.0004	0.0004	0.0008	0.001	0.0002	0.0003	0.0006	0.00077198	0.0005	0.02	0.0003
0.0004	0.0004	0.0008	0.001	0.0002	0.0003	0.0006	0.00022202	0.0005	0.02	0.0003
0.0004	0.0004	0.0008	0.001	0.0002	0.0003	0.0006	0.001288	0.0005	0.02	0.0003
0.0004	0.0004	0.0008	0.001	0.0002	0.0003	0.0006	0.0016639	0.0005	0.02	0.0003
0.0004	0.0004	0.0008	0.001	0.0002	0.0003	0.0006	0.0018104	0.0005	0.02	0.0003
0.0004	0.0004	0.0008	0.001	0.0002	0.0003	0.0006	0.00079684	0.0005	0.02	0.0003
0.0004	0.0004	0.0008	0.001	0.0002	0.0003	0.0006	0.00064579	0.0005	0.02	0.0003
0.0004	0.0004	0.0008	0.001	0.0002	0.0003	0.0006	0.00035709	0.0005	0.02	0.0003
0.0004	0.0004	0.0008	0.001	0.0002	0.0003	0.0006	0.00080145	0.0005	0.02	0.0003
0.0004	0.0004	0.0008	0.001	0.0002	0.0003	0.0006	0.00016404	0.0005	0.02	0.0003
0.0004	0.0004	0.0008	0.001	0.0002	0.0003	0.0006	0.0018645	0.0005	0.02	0.0003
0.0004	0.0004	0.0008	0.001	0.0002	0.0003	0.0006	0.00078703	0.0005	0.02	0.0003
0.0004	0.0004	0.0008	0.001	0.0002	0.0003	0.0006	0.0011631	0.0005	0.02	0.0003
0.0004	0.0004	0.0008	0.001	0.0002	0.0003	0.0006	0.00017952	0.0005	0.02	0.0003
0.0004	0.0004	0.0008	0.001	0.0002	0.0003	0.0006	0.0011546	0.0005	0.02	0.0003
0.0004	0.0004	0.0008	0.001	0.0002	0.0003	0.0006	0.0013781	0.0005	0.02	0.0003
0.0004	0.0004	0.0008	0.001	0.0002	0.0003	0.0006	0.001647	0.0005	0.02	0.0003
0.0004	0.0004	0.0008	0.001	0.0002	0.0003	0.0006	0.0015719	0.0005	0.02	0.0003
0.0004	0.0004	0.0008	0.001	0.0002	0.0003	0.0006	0.0002975	0.0005	0.02	0.0003
0.0004	0.0004	0.0008	0.001	0.0002	0.0003	0.0006	0.0012307	0.0005	0.02	0.0003
0.0004	0.0004	0.0008	0.001	0.0002	0.0003	0.0006	0.0011772	0.0005	0.02	0.0003
0.0004	0.0004	0.0008	0.001	0.0002	0.0003	0.0006	0.00021261	0.0005	0.02	0.0003
0.0004	0.0004	0.0008	0.001	0.0002	0.0003	0.0006	0.00053703	0.0005	0.02	0.0003
0.0004	0.0004	0.0008	0.001	0.0002	0.0003	0.0006	0.0017078	0.0005	0.02	0.0003
0.0004	0.0004	0.0008	0.001	0.0002	0.0003	0.0006	0.0019884	0.0005	0.02	0.0003
0.0004	0.0004	0.0008	0.001	0.0002	0.0003	0.0006	0.0019465	0.0005	0.02	0.0003
0.0004	0.0004	0.0008	0.001	0.0002	0.0003	0.0006	0.00095255	0.0005	0.02	0.0003
0.0004	0.0004	0.0008	0.001	0.0002	0.0003	0.0006	0.00056823	0.0005	0.02	0.0003
0.0004	0.0004	0.0008	0.001	0.0002	0.0003	0.0006	0.0018842	0.0005	0.02	0.0003
0.0004	0.0004	0.0008	0.001	0.0002	0.0003	0.0006	0.0012237	0.0005	0.02	0.0003
0.0004	0.0004	0.0008	0.001	0.0002	0.0003	0.0006	0.0010865	0.0005	0.02	0.0003
0.0004	0.0004	0.0008	0.001	0.0002	0.0003	0.0006	0.0010317	0.0005	0.02	0.0003
0.0004	0.0004	0.0008	0.001	0.0002	0.0003	0.0006	0.0003458	0.0005	0.02	0.0003
0.0004	0.0004	0.0008	0.001	0.0002	0.0003	0.0006	0.0013553	0.0005	0.02	0.0003
0.0004	0.0004	0.0008	0.001	0.0002	0.0003	0.0006	0.0013771	0.0005	0.02	0.0003
0.0004	0.0004	0.0008	0.001	0.0002	0.0003	0.0006	0.0001	0.00084387	0.02	0.0003
0.0004	0.0004	0.0008	0.001	0.0002	0.0003	0.0006	0.0001	0.00080136	0.02	0.0003
0.0004	0.0004	0.0008	0.001	0.0002	0.0003	0.0006	0.0001	0.00070398	0.02	0.0003
0.0004	0.0004	0.0008	0.001	0.0002	0.0003	0.0006	0.0001	0.00073369	0.02	0.0003
0.0004	0.0004	0.0008	0.001	0.0002	0.0003	0.0006	0.0001	0.00051401	0.02	0.0003
0.0004	0.0004	0.0008	0.001	0.0002	0.0003	0.0006	0.0001	0.00078666	0.02	0.0003
0.0004	0.0004	0.0008	0.001	0.0002	0.0003	0.0006	0.0001	0.00085036	0.02	0.0003
0.0004	0.0004	0.0008	0.001	0.0002	0.0003	0.0006	0.0001	0.0009416	0.02	0.0003
0.0004	0.0004	0.0008	0.001	0.0002	0.0003	0.0006	0.0001	0.00092239	0.02	0.0003
0.0004	0.0004	0.0008	0.001	0.0002	0.0003	0.0006	0.0001	0.00056768	0.02	0.0003
0.0004	0.0004	0.0008	0.001	0.0002	0.0003	0.0006	0.0001	0.00060602	0.02	0.0003
0.0004	0.0004	0.0008	0.001	0.0002	0.0003	0.0006	0.0001	0.00054485	0.02	0.0003
0.0004	0.0004	0.0008	0.001	0.0002	0.0003	0.0006	0.0001	0.00056332	0.02	0.0003
0.0004	0.0004	0.0008	0.001	0.0002	0.0003	0.0006	0.0001	0.0009285	0.02	0.0003
0.0004	0.0004	0.0008	0.001	0.0002	0.0003	0.0006	0.0001	0.00077506	0.02	0.0003
0.0004	0.0004	0.0008	0.001	0.0002	0.0003	0.0006	0.0001	0.00099908	0.02	0.0003
0.0004	0.0004	0.0008	0.001	0.0002	0.0003	0.0006	0.0001	0.00070122	0.02	0.0003
0.0004	0.0004	0.0008	0.001	0.0002	0.0003	0.0006	0.0001	0.00087064	0.02	0.0003
0.0004	0.0004	0.0008	0.001	0.0002	0.0003	0.0006	0.0001	0.00066955	0.02	0.0003
0.0004	0.0004	0.0008	0.001	0.0002	0.0003	0.0006	0.0001	0.00080988	0.02	0.0003
0.0004	0.0004	0.0008	0.001	0.0002	0.0003	0.0006	0.0001	0.00097096	0.02	0.0003
0.0004	0.0004	0.0008	0.001	0.0002	0.0003	0.0006	0.0001	0.0005427	0.02	0.0003
0.0004	0.0004	0.0008	0.001	0.0002	0.0003	0.0006	0.0001	0.0008604	0.02	0.0003
0.0004	0.0004	0.0008	0.001	0.0002	0.0003	0.0006	0.0001	0.00059613	0.02	0.0003
0.0004	0.0004	0.0008	0.001	0.0002	0.0003	0.0006	0.0001	0.00098934	0.02	0.0003
0.0004	0.0004	0.0008	0.001	0.0002	0.0003	0.0006	0.0001	0.00087678	0.02	0.0003
0.0004	0.0004	0.0008	0.001	0.0002	0.0003	0.0006	0.0001	0.00077555	0.02	0.0003
0.0004	0.0004	0.0008	0.001	0.0002	0.0003	0.0006	0.0001	0.0009667	0.02	0.0003
0.0004	0.0004	0.0008	0.001	0.0002	0.0003	0.0006	0.0001	0.00090219	0.02	0.0003
0.0004	0.0004	0.0008	0.001	0.0002	0.0003	0.0006	0.0001	0.00069508	0.02	0.0003
0.0004	0.0004	0.0008	0.001	0.0002	0.0003	0.0006	0.0001	0.00065597	0.02	0.0003
0.0004	0.0004	0.0008	0.001	0.0002	0.0003	0.0006	0.0001	0.00094757	0.02	0.0003
0.0004	0.0004	0.0008	0.001	0.0002	0.0003	0.0006	0.0001	0.00055908	0.02	0.0003
0.0004	0.0004	0.0008	0.001	0.0002	0.0003	0.0006	0.0001	0.00084465	0.02	0.0003
0.0004	0.0004	0.0008	0.001	0.0002	0.0003	0.0006	0.0001	0.00093536	0.02	0.0003
0.0004	0.0004	0.0008	0.001	0.0002	0.0003	0.0006	0.0001	0.0005521	0.02	0.0003
0.0004	0.0004	0.0008	0.001	0.0002	0.0003	0.0006	0.0001	0.00068372	0.02	0.0003
0.0004	0.0004	0.0008	0.001	0.0002	0.0003	0.0006	0.0001	0.00065196	0.02	0.0003
0.0004	0.0004	0.0008	0.001	0.0002	0.0003	0.0006	0.0001	0.00066776	0.02	0.0003
0.0004	0.0004	0.0008	0.001	0.0002	0.0003	0.0006	0.0001	0.00096361	0.02	0.0003
0.0004	0.0004	0.0008	0.001	0.0002	0.0003	0.0006	0.0001	0.00093437	0.02	0.0003
0.0004	0.0004	0.0008	0.001	0.0002	0.0003	0.0006	0.0001	0.00086683	0.02	0.0003
0.0004	0.0004	0.0008	0.001	0.0002	0.0003	0.0006	0.0001	0.00089291	0.02	0.0003
0.0004	0.0004	0.0008	0.001	0.0002	0.0003	0.0006	0.0001	0.0005052	0.02	0.0003
0.0004	0.0004	0.0008	0.001	0.0002	0.0003	0.0006	0.0001	0.00070695	0.02	0.0003
0.0004	0.0004	0.0008	0.001	0.0002	0.0003	0.0006	0.0001	0.00055287	0.02	0.0003
0.0004	0.0004	0.0008	0.001	0.0002	0.0003	0.0006	0.0001	0.00078941	0.02	0.0003
0.0004	0.0004	0.0008	0.001	0.0002	0.0003	0.0006	0.0001	0.00078023	0.02	0.0003
0.0004	0.0004	0.0008	0.001	0.0002	0.0003	0.0006	0.0001	0.00086307	0.02	0.0003
0.0004	0.0004	0.0008	0.001	0.0002	0.0003	0.0006	0.0001	0.00075025	0.02	0.0003
0.0004	0.0004	0.0008	0.001	0.0002	0.0003	0.0006	0.0001	0.00062565	0.02	0.0003
0.0004	0.0004	0.0008	0.001	0.0002	0.0003	0.0006	0.0001	0.00091311	0.02	0.0003
0.0004	0.0004	0.0008	0.001	0.0002	0.0003	0.0006	0.0001	0.00058627	0.02	0.0003
0.0004	0.0004	0.0008	0.001	0.0002	0.0003	0.0006	0.0001	0.00050777	0.02	0.0003
0.0004	0.0004	0.0008	0.001	0.0002	0.0003	0.0006	0.0001	0.00097467	0.02	0.0003
0.0004	0.0004	0.0008	0.001	0.0002	0.0003	0.0006	0.0001	0.00076886	0.02	0.0003
0.0004	0.0004	0.0008	0.001	0.0002	0.0003	0.0006	0.0001	0.00085615	0.02	0.0003
0.0004	0.0004	0.0008	0.001	0.0002	0.0003	0.0006	0.0001	0.00071402	0.02	0.0003
0.0004	0.0004	0.0008	0.001	0.0002	0.0003	0.0006	0.0001	0.00061842	0.02	0.0003
0.0004	0.0004	0.0008	0.001	0.0002	0.0003	0.0006	0.0001	0.00067985	0.02	0.0003
0.0004	0.0004	0.0008	0.001	0.0002	0.0003	0.0006	0.0001	0.00067756	0.02	0.0003
0.0004	0.0004	0.0008	0.001	0.0002	0.0003	0.0006	0.0001	0.00083538	0.02	0.0003
0.0004	0.0004	0.0008	0.001	0.0002	0.0003	0.0006	0.0001	0.00082421	0.02	0.0003
0.0004	0.0004	0.0008	0.001	0.0002	0.0003	0.0006	0.0001	0.00097827	0.02	0.0003
0.0004	0.0004	0.0008	0.001	0.0002	0.0003	0.0006	0.0001	0.00095095	0.02	0.0003
0.0004	0.0004	0.0008	0.001	0.0002	0.0003	0.0006	0.0001	0.00066185	0.02	0.0003
0.0004	0.0004	0.0008	0.001	0.0002	0.0003	0.0006	0.0001	0.00099605	0.02	0.0003
0.0004	0.0004	0.0008	0.001	0.0002	0.0003	0.0006	0.0001	0.00083117	0.02	0.0003
0.0004	0.0004	0.0008	0.001	0.0002	0.0003	0.0006	0.0001	0.00080806	0.02	0.0003
0.0004	0.0004	0.0008	0.001	0.0002	0.0003	0.0006	0.0001	0.0009935	0.02	0.0003
0.0004	0.0004	0.0008	0.001	0.0002	0.0003	0.0006	0.0001	0.00074263	0.02	0.0003
0.0004	0.0004	0.0008	0.001	0.0002	0.0003	0.0006	0.0001	0.00093019	0.02	0.0003
0.0004	0.0004	0.0008	0.001	0.0002	0.0003	0.0006	0.0001	0.00057878	0.02	0.0003
0.0004	0.0004	0.0008	0.001	0.0002	0.0003	0.0006	0.0001	0.00082224	0.02	0.0003
0.0004	0.0004	0.0008	0.001	0.0002	0.0003	0.0006	0.0001	0.00064629	0.02	0.0003
0.0004	0.0004	0.0008	0.001	0.0002	0.0003	0.0006	0.0001	0.00087768	0.02	0.0003
0.0004	0.0004	0.0008	0.001	0.0002	0.0003	0.0006	0.0001	0.00073088	0.02	0.0003
0.0004	0.0004	0.0008	0.001	0.0002	0.0003	0.0006	0.0001	0.00070563	0.02	0.0003
0.0004	0.0004	0.0008	0.001	0.0002	0.0003	0.0006	0.0001	0.00060197	0.02	0.0003
0.0004	0.0004	0.0008	0.001	0.0002	0.0003	0.0006	0.0001	0.00067202	0.02	0.0003
0.0004	0.0004	0.0008	0.001	0.0002	0.0003	0.0006	0.0001	0.00097953	0.02	0.0003
0.0004	0.0004	0.0008	0.001	0.0002	0.0003	0.0006	0.0001	0.00053641	0.02	0.0003
0.0004	0.0004	0.0008	0.001	0.0002	0.0003	0.0006	0.0001	0.00068976	0.02	0.0003
0.0004	0.0004	0.0008	0.001	0.0002	0.0003	0.0006	0.0001	0.00091591	0.02	0.0003
0.0004	0.0004	0.0008	0.001	0.0002	0.0003	0.0006	0.0001	0.00061075	0.02	0.0003
0.0004	0.0004	0.0008	0.001	0.0002	0.0003	0.0006	0.0001	0.00059916	0.02	0.0003
0.0004	0.0004	0.0008	0.001	0.0002	0.0003	0.0006	0.0001	0.00071656	0.02	0.0003
0.0004	0.0004	0.0008	0.001	0.0002	0.0003	0.0006	0.0001	0.00094587	0.02	0.0003
0.0004	0.0004	0.0008	0.001	0.0002	0.0003	0.0006	0.0001	0.00088069	0.02	0.0003
0.0004	0.0004	0.0008	0.001	0.0002	0.0003	0.0006	0.0001	0.00055555	0.02	0.0003
0.0004	0.0004	0.0008	0.001	0.0002	0.0003	0.0006	0.0001	0.00061036	0.02	0.0003
0.0004	0.0004	0.0008	0.001	0.0002	0.0003	0.0006	0.0001	0.0005	0.058301	0.0003
0.0004	0.0004	0.0008	0.001	0.0002	0.0003	0.0006	0.0001	0.0005	0.057681	0.0003
0.0004	0.0004	0.0008	0.001	0.0002	0.0003	0.0006	0.0001	0.0005	0.064769	0.0003
0.0004	0.0004	0.0008	0.001	0.0002	0.0003	0.0006	0.0001	0.0005	0.031176	0.0003
0.0004	0.0004	0.0008	0.001	0.0002	0.0003	0.0006	0.0001	0.0005	0.070047	0.0003
0.0004	0.0004	0.0008	0.001	0.0002	0.0003	0.0006	0.0001	0.0005	0.045747	0.0003
0.0004	0.0004	0.0008	0.001	0.0002	0.0003	0.0006	0.0001	0.0005	0.09812	0.0003
0.0004	0.0004	0.0008	0.001	0.0002	0.0003	0.0006	0.0001	0.0005	0.049897	0.0003
0.0004	0.0004	0.0008	0.001	0.0002	0.0003	0.0006	0.0001	0.0005	0.1133	0.0003
0.0004	0.0004	0.0008	0.001	0.0002	0.0003	0.0006	0.0001	0.0005	0.092865	0.0003
0.0004	0.0004	0.0008	0.001	0.0002	0.0003	0.0006	0.0001	0.0005	0.11859	0.0003
0.0004	0.0004	0.0008	0.001	0.0002	0.0003	0.0006	0.0001	0.0005	0.01813	0.0003
0.0004	0.0004	0.0008	0.001	0.0002	0.0003	0.0006	0.0001	0.0005	0.11785	0.0003
0.0004	0.0004	0.0008	0.001	0.0002	0.0003	0.0006	0.0001	0.0005	0.067838	0.0003
0.0004	0.0004	0.0008	0.001	0.0002	0.0003	0.0006	0.0001	0.0005	0.070944	0.0003
0.0004	0.0004	0.0008	0.001	0.0002	0.0003	0.0006	0.0001	0.0005	0.076137	0.0003
0.0004	0.0004	0.0008	0.001	0.0002	0.0003	0.0006	0.0001	0.0005	0.11226	0.0003
0.0004	0.0004	0.0008	0.001	0.0002	0.0003	0.0006	0.0001	0.0005	0.065407	0.0003
0.0004	0.0004	0.0008	0.001	0.0002	0.0003	0.0006	0.0001	0.0005	0.10205	0.0003
0.0004	0.0004	0.0008	0.001	0.0002	0.0003	0.0006	0.0001	0.0005	0.068409	0.0003
0.0004	0.0004	0.0008	0.001	0.0002	0.0003	0.0006	0.0001	0.0005	0.099667	0.0003
0.0004	0.0004	0.0008	0.001	0.0002	0.0003	0.0006	0.0001	0.0005	0.04901	0.0003
0.0004	0.0004	0.0008	0.001	0.0002	0.0003	0.0006	0.0001	0.0005	0.096056	0.0003
0.0004	0.0004	0.0008	0.001	0.0002	0.0003	0.0006	0.0001	0.0005	0.082754	0.0003
0.0004	0.0004	0.0008	0.001	0.0002	0.0003	0.0006	0.0001	0.0005	0.084232	0.0003
0.0004	0.0004	0.0008	0.001	0.0002	0.0003	0.0006	0.0001	0.0005	0.11478	0.0003
0.0004	0.0004	0.0008	0.001	0.0002	0.0003	0.0006	0.0001	0.0005	0.080522	0.0003
0.0004	0.0004	0.0008	0.001	0.0002	0.0003	0.0006	0.0001	0.0005	0.046811	0.0003
0.0004	0.0004	0.0008	0.001	0.0002	0.0003	0.0006	0.0001	0.0005	0.047092	0.0003
0.0004	0.0004	0.0008	0.001	0.0002	0.0003	0.0006	0.0001	0.0005	0.028848	0.0003
0.0004	0.0004	0.0008	0.001	0.0002	0.0003	0.0006	0.0001	0.0005	0.065959	0.0003
0.0004	0.0004	0.0008	0.001	0.0002	0.0003	0.0006	0.0001	0.0005	0.051045	0.0003
0.0004	0.0004	0.0008	0.001	0.0002	0.0003	0.0006	0.0001	0.0005	0.083327	0.0003
0.0004	0.0004	0.0008	0.001	0.0002	0.0003	0.0006	0.0001	0.0005	0.073132	0.0003
0.0004	0.0004	0.0008	0.001	0.0002	0.0003	0.0006	0.0001	0.0005	0.016349	0.0003
0.0004	0.0004	0.0008	0.001	0.0002	0.0003	0.0006	0.0001	0.0005	0.077181	0.0003
0.0004	0.0004	0.0008	0.001	0.0002	0.0003	0.0006	0.0001	0.0005	0.020647	0.0003
0.0004	0.0004	0.0008	0.001	0.0002	0.0003	0.0006	0.0001	0.0005	0.055095	0.0003
0.0004	0.0004	0.0008	0.001	0.0002	0.0003	0.0006	0.0001	0.0005	0.08285	0.0003
0.0004	0.0004	0.0008	0.001	0.0002	0.0003	0.0006	0.0001	0.0005	0.075065	0.0003
0.0004	0.0004	0.0008	0.001	0.0002	0.0003	0.0006	0.0001	0.0005	0.090929	0.0003
0.0004	0.0004	0.0008	0.001	0.0002	0.0003	0.0006	0.0001	0.0005	0.10818	0.0003
0.0004	0.0004	0.0008	0.001	0.0002	0.0003	0.0006	0.0001	0.0005	0.11141	0.0003
0.0004	0.0004	0.0008	0.001	0.0002	0.0003	0.0006	0.0001	0.0005	0.066562	0.0003
0.0004	0.0004	0.0008	0.001	0.0002	0.0003	0.0006	0.0001	0.0005	0.013958	0.0003
0.0004	0.0004	0.0008	0.001	0.0002	0.0003	0.0006	0.0001	0.0005	0.11641	0.0003
0.0004	0.0004	0.0008	0.001	0.0002	0.0003	0.0006	0.0001	0.0005	0.11587	0.0003
0.0004	0.0004	0.0008	0.001	0.0002	0.0003	0.0006	0.0001	0.0005	0.062448	0.0003
0.0004	0.0004	0.0008	0.001	0.0002	0.0003	0.0006	0.0001	0.0005	0.11073	0.0003
0.0004	0.0004	0.0008	0.001	0.0002	0.0003	0.0006	0.0001	0.0005	0.11685	0.0003
0.0004	0.0004	0.0008	0.001	0.0002	0.0003	0.0006	0.0001	0.0005	0.10675	0.0003
0.0004	0.0004	0.0008	0.001	0.0002	0.0003	0.0006	0.0001	0.0005	0.023454	0.0003
0.0004	0.0004	0.0008	0.001	0.0002	0.0003	0.0006	0.0001	0.0005	0.065232	0.0003
0.0004	0.0004	0.0008	0.001	0.0002	0.0003	0.0006	0.0001	0.0005	0.025039	0.0003
0.0004	0.0004	0.0008	0.001	0.0002	0.0003	0.0006	0.0001	0.0005	0.066841	0.0003
0.0004	0.0004	0.0008	0.001	0.0002	0.0003	0.0006	0.0001	0.0005	0.09016	0.0003
0.0004	0.0004	0.0008	0.001	0.0002	0.0003	0.0006	0.0001	0.0005	0.050573	0.0003
0.0004	0.0004	0.0008	0.001	0.0002	0.0003	0.0006	0.0001	0.0005	0.093278	0.0003
0.0004	0.0004	0.0008	0.001	0.0002	0.0003	0.0006	0.0001	0.0005	0.11603	0.0003
0.0004	0.0004	0.0008	0.001	0.0002	0.0003	0.0006	0.0001	0.0005	0.063465	0.0003
0.0004	0.0004	0.0008	0.001	0.0002	0.0003	0.0006	0.0001	0.0005	0.036018	0.0003
0.0004	0.0004	0.0008	0.001	0.0002	0.0003	0.0006	0.0001	0.0005	0.10921	0.0003
0.0004	0.0004	0.0008	0.001	0.0002	0.0003	0.0006	0.0001	0.0005	0.062092	0.0003
0.0004	0.0004	0.0008	0.001	0.0002	0.0003	0.0006	0.0001	0.0005	0.02524	0.0003
0.0004	0.0004	0.0008	0.001	0.0002	0.0003	0.0006	0.0001	0.0005	0.079331	0.0003
0.0004	0.0004	0.0008	0.001	0.0002	0.0003	0.0006	0.0001	0.0005	0.045913	0.0003
0.0004	0.0004	0.0008	0.001	0.0002	0.0003	0.0006	0.0001	0.0005	0.045066	0.0003
0.0004	0.0004	0.0008	0.001	0.0002	0.0003	0.0006	0.0001	0.0005	0.11542	0.0003
0.0004	0.0004	0.0008	0.001	0.0002	0.0003	0.0006	0.0001	0.0005	0.059554	0.0003
0.0004	0.0004	0.0008	0.001	0.0002	0.0003	0.0006	0.0001	0.0005	0.026961	0.0003
0.0004	0.0004	0.0008	0.001	0.0002	0.0003	0.0006	0.0001	0.0005	0.095735	0.0003
0.0004	0.0004	0.0008	0.001	0.0002	0.0003	0.0006	0.0001	0.0005	0.10975	0.0003
0.0004	0.0004	0.0008	0.001	0.0002	0.0003	0.0006	0.0001	0.0005	0.093914	0.0003
0.0004	0.0004	0.0008	0.001	0.0002	0.0003	0.0006	0.0001	0.0005	0.015342	0.0003
0.0004	0.0004	0.0008	0.001	0.0002	0.0003	0.0006	0.0001	0.0005	0.026259	0.0003
0.0004	0.0004	0.0008	0.001	0.0002	0.0003	0.0006	0.0001	0.0005	0.036463	0.0003
0.0004	0.0004	0.0008	0.001	0.0002	0.0003	0.0006	0.0001	0.0005	0.047394	0.0003
0.0004	0.0004	0.0008	0.001	0.0002	0.0003	0.0006	0.0001	0.0005	0.046733	0.0003
0.0004	0.0004	0.0008	0.001	0.0002	0.0003	0.0006	0.0001	0.0005	0.01298	0.0003
0.0004	0.0004	0.0008	0.001	0.0002	0.0003	0.0006	0.0001	0.0005	0.073488	0.0003
0.0004	0.0004	0.0008	0.001	0.0002	0.0003	0.0006	0.0001	0.0005	0.034026	0.0003
0.0004	0.0004	0.0008	0.001	0.0002	0.0003	0.0006	0.0001	0.0005	0.027671	0.0003
0.0004	0.0004	0.0008	0.001	0.0002	0.0003	0.0006	0.0001	0.0005	0.094997	0.0003
0.0004	0.0004	0.0008	0.001	0.0002	0.0003	0.0006	0.0001	0.0005	0.045179	0.0003
0.0004	0.0004	0.0008	0.001	0.0002	0.0003	0.0006	0.0001	0.0005	0.016971	0.0003
0.0004	0.0004	0.0008	0.001	0.0002	0.0003	0.0006	0.0001	0.0005	0.089909	0.0003
0.0004	0.0004	0.0008	0.001	0.0002	0.0003	0.0006	0.0001	0.0005	0.088022	0.0003
0.0004	0.0004	0.0008	0.001	0.0002	0.0003	0.0006	0.0001	0.0005	0.042466	0.0003
0.0004	0.0004	0.0008	0.001	0.0002	0.0003	0.0006	0.0001	0.0005	0.082102	0.0003
0.0004	0.0004	0.0008	0.001	0.0002	0.0003	0.0006	0.0001	0.0005	0.088451	0.0003
0.0004	0.0004	0.0008	0.001	0.0002	0.0003	0.0006	0.0001	0.0005	0.050754	0.0003
0.0004	0.0004	0.0008	0.001	0.0002	0.0003	0.0006	0.0001	0.0005	0.02	0.0022976
0.0004	0.0004	0.0008	0.001	0.0002	0.0003	0.0006	0.0001	0.0005	0.02	0.00041719
0.0004	0.0004	0.0008	0.001	0.0002	0.0003	0.0006	0.0001	0.0005	0.02	0.0024322
0.0004	0.0004	0.0008	0.001	0.0002	0.0003	0.0006	0.0001	0.0005	0.02	0.0041263
0.0004	0.0004	0.0008	0.001	0.0002	0.0003	0.0006	0.0001	0.0005	0.02	0.0029457
0.0004	0.0004	0.0008	0.001	0.0002	0.0003	0.0006	0.0001	0.0005	0.02	0.0043777
0.0004	0.0004	0.0008	0.001	0.0002	0.0003	0.0006	0.0001	0.0005	0.02	0.0014516
0.0004	0.0004	0.0008	0.001	0.0002	0.0003	0.0006	0.0001	0.0005	0.02	0.0022006
0.0004	0.0004	0.0008	0.001	0.0002	0.0003	0.0006	0.0001	0.0005	0.02	0.0046557
0.0004	0.0004	0.0008	0.001	0.0002	0.0003	0.0006	0.0001	0.0005	0.02	0.0035659
0.0004	0.0004	0.0008	0.001	0.0002	0.0003	0.0006	0.0001	0.0005	0.02	0.0031797
0.0004	0.0004	0.0008	0.001	0.0002	0.0003	0.0006	0.0001	0.0005	0.02	0.0010016
0.0004	0.0004	0.0008	0.001	0.0002	0.0003	0.0006	0.0001	0.0005	0.02	0.0011597
0.0004	0.0004	0.0008	0.001	0.0002	0.0003	0.0006	0.0001	0.0005	0.02	0.002421
0.0004	0.0004	0.0008	0.001	0.0002	0.0003	0.0006	0.0001	0.0005	0.02	0.0013663
0.0004	0.0004	0.0008	0.001	0.0002	0.0003	0.0006	0.0001	0.0005	0.02	0.0047012
0.0004	0.0004	0.0008	0.001	0.0002	0.0003	0.0006	0.0001	0.0005	0.02	0.00090871
0.0004	0.0004	0.0008	0.001	0.0002	0.0003	0.0006	0.0001	0.0005	0.02	0.0026454
0.0004	0.0004	0.0008	0.001	0.0002	0.0003	0.0006	0.0001	0.0005	0.02	0.0020571
0.0004	0.0004	0.0008	0.001	0.0002	0.0003	0.0006	0.0001	0.0005	0.02	0.0046281
0.0004	0.0004	0.0008	0.001	0.0002	0.0003	0.0006	0.0001	0.0005	0.02	0.0016901
0.0004	0.0004	0.0008	0.001	0.0002	0.0003	0.0006	0.0001	0.0005	0.02	0.00037333
0.0004	0.0004	0.0008	0.001	0.0002	0.0003	0.0006	0.0001	0.0005	0.02	0.0039737
0.0004	0.0004	0.0008	0.001	0.0002	0.0003	0.0006	0.0001	0.0005	0.02	0.00030285
0.0004	0.0004	0.0008	0.001	0.0002	0.0003	0.0006	0.0001	0.0005	0.02	0.0027163
0.0004	0.0004	0.0008	0.001	0.0002	0.0003	0.0006	0.0001	0.0005	0.02	0.00064365
0.0004	0.0004	0.0008	0.001	0.0002	0.0003	0.0006	0.0001	0.0005	0.02	0.0043714
0.0004	0.0004	0.0008	0.001	0.0002	0.0003	0.0006	0.0001	0.0005	0.02	0.0039436
0.0004	0.0004	0.0008	0.001	0.0002	0.0003	0.0006	0.0001	0.0005	0.02	0.0037083
0.0004	0.0004	0.0008	0.001	0.0002	0.0003	0.0006	0.0001	0.0005	0.02	0.0041505
0.0004	0.0004	0.0008	0.001	0.0002	0.0003	0.0006	0.0001	0.0005	0.02	0.002451
0.0004	0.0004	0.0008	0.001	0.0002	0.0003	0.0006	0.0001	0.0005	0.02	0.0020119
0.0004	0.0004	0.0008	0.001	0.0002	0.0003	0.0006	0.0001	0.0005	0.02	0.0036237
0.0004	0.0004	0.0008	0.001	0.0002	0.0003	0.0006	0.0001	0.0005	0.02	0.0012683
0.0004	0.0004	0.0008	0.001	0.0002	0.0003	0.0006	0.0001	0.0005	0.02	0.0011552
0.0004	0.0004	0.0008	0.001	0.0002	0.0003	0.0006	0.0001	0.0005	0.02	0.0011218
0.0004	0.0004	0.0008	0.001	0.0002	0.0003	0.0006	0.0001	0.0005	0.02	0.0016802
0.0004	0.0004	0.0008	0.001	0.0002	0.0003	0.0006	0.0001	0.0005	0.02	0.0022457
0.0004	0.0004	0.0008	0.001	0.0002	0.0003	0.0006	0.0001	0.0005	0.02	0.0025028
0.0004	0.0004	0.0008	0.001	0.0002	0.0003	0.0006	0.0001	0.0005	0.02	0.00034659
0.0004	0.0004	0.0008	0.001	0.0002	0.0003	0.0006	0.0001	0.0005	0.02	0.001989
0.0004	0.0004	0.0008	0.001	0.0002	0.0003	0.0006	0.0001	0.0005	0.02	0.0017155
0.0004	0.0004	0.0008	0.001	0.0002	0.0003	0.0006	0.0001	0.0005	0.02	0.0044467
0.0004	0.0004	0.0008	0.001	0.0002	0.0003	0.0006	0.0001	0.0005	0.02	0.00054162
0.0004	0.0004	0.0008	0.001	0.0002	0.0003	0.0006	0.0001	0.0005	0.02	0.0033681
0.0004	0.0004	0.0008	0.001	0.0002	0.0003	0.0006	0.0001	0.0005	0.02	0.0018799
0.0004	0.0004	0.0008	0.001	0.0002	0.0003	0.0006	0.0001	0.0005	0.02	0.00095553
0.0004	0.0004	0.0008	0.001	0.0002	0.0003	0.0006	0.0001	0.0005	0.02	0.0033784
0.0004	0.0004	0.0008	0.001	0.0002	0.0003	0.0006	0.0001	0.0005	0.02	0.002785
0.0004	0.0004	0.0008	0.001	0.0002	0.0003	0.0006	0.0001	0.0005	0.02	0.0024672
0.0004	0.0004	0.0008	0.001	0.0002	0.0003	0.0006	0.0001	0.0005	0.02	0.0031972
0.0004	0.0004	0.0008	0.001	0.0002	0.0003	0.0006	0.0001	0.0005	0.02	0.0028148
0.0004	0.0004	0.0008	0.001	0.0002	0.0003	0.0006	0.0001	0.0005	0.02	0.0047064
0.0004	0.0004	0.0008	0.001	0.0002	0.0003	0.0006	0.0001	0.0005	0.02	0.00089446
0.0004	0.0004	0.0008	0.001	0.0002	0.0003	0.0006	0.0001	0.0005	0.02	0.0014941
0.0004	0.0004	0.0008	0.001	0.0002	0.0003	0.0006	0.0001	0.0005	0.02	0.00079547
0.0004	0.0004	0.0008	0.001	0.0002	0.0003	0.0006	0.0001	0.0005	0.02	0.0032482
0.0004	0.0004	0.0008	0.001	0.0002	0.0003	0.0006	0.0001	0.0005	0.02	0.0022655
0.0004	0.0004	0.0008	0.001	0.0002	0.0003	0.0006	0.0001	0.0005	0.02	0.004459
0.0004	0.0004	0.0008	0.001	0.0002	0.0003	0.0006	0.0001	0.0005	0.02	0.0014134
0.0004	0.0004	0.0008	0.001	0.0002	0.0003	0.0006	0.0001	0.0005	0.02	0.0015644
0.0004	0.0004	0.0008	0.001	0.0002	0.0003	0.0006	0.0001	0.0005	0.02	0.0030337
0.0004	0.0004	0.0008	0.001	0.0002	0.0003	0.0006	0.0001	0.0005	0.02	0.0014681
0.0004	0.0004	0.0008	0.001	0.0002	0.0003	0.0006	0.0001	0.0005	0.02	0.0049174
0.0004	0.0004	0.0008	0.001	0.0002	0.0003	0.0006	0.0001	0.0005	0.02	0.0036997
0.0004	0.0004	0.0008	0.001	0.0002	0.0003	0.0006	0.0001	0.0005	0.02	0.00088982
0.0004	0.0004	0.0008	0.001	0.0002	0.0003	0.0006	0.0001	0.0005	0.02	0.0046386
0.0004	0.0004	0.0008	0.001	0.0002	0.0003	0.0006	0.0001	0.0005	0.02	0.00051348
0.0004	0.0004	0.0008	0.001	0.0002	0.0003	0.0006	0.0001	0.0005	0.02	0.00081312
0.0004	0.0004	0.0008	0.001	0.0002	0.0003	0.0006	0.0001	0.0005	0.02	0.0036722
0.0004	0.0004	0.0008	0.001	0.0002	0.0003	0.0006	0.0001	0.0005	0.02	0.0047159
0.0004	0.0004	0.0008	0.001	0.0002	0.0003	0.0006	0.0001	0.0005	0.02	0.0021909
0.0004	0.0004	0.0008	0.001	0.0002	0.0003	0.0006	0.0001	0.0005	0.02	0.0027103
0.0004	0.0004	0.0008	0.001	0.0002	0.0003	0.0006	0.0001	0.0005	0.02	0.00044961
0.0004	0.0004	0.0008	0.001	0.0002	0.0003	0.0006	0.0001	0.0005	0.02	0.0039649
0.0004	0.0004	0.0008	0.001	0.0002	0.0003	0.0006	0.0001	0.0005	0.02	0.00089932
0.0004	0.0004	0.0008	0.001	0.0002	0.0003	0.0006	0.0001	0.0005	0.02	0.0033723
0.0004	0.0004	0.0008	0.001	0.0002	0.0003	0.0006	0.0001	0.0005	0.02	0.002138
0.0004	0.0004	0.0008	0.001	0.0002	0.0003	0.0006	0.0001	0.0005	0.02	0.0046822
0.0004	0.0004	0.0008	0.001	0.0002	0.0003	0.0006	0.0001	0.0005	0.02	0.0030083
0.0004	0.0004	0.0008	0.001	0.0002	0.0003	0.0006	0.0001	0.0005	0.02	0.0035353
0.0004	0.0004	0.0008	0.001	0.0002	0.0003	0.0006	0.0001	0.0005	0.02	0.00044101
0.0004	0.0004	0.0008	0.001	0.0002	0.0003	0.0006	0.0001	0.0005	0.02	0.0048289
0.0004	0.0004	0.0008	0.001	0.0002	0.0003	0.0006	0.0001	0.0005	0.02	0.0035173
0.0004	0.0004	0.0008	0.001	0.0002	0.0003	0.0006	0.0001	0.0005	0.02	0.0019514
0.0004	0.0004	0.0008	0.001	0.0002	0.0003	0.0006	0.0001	0.0005	0.02	0.0029411
0.0004	0.0004	0.0008	0.001	0.0002	0.0003	0.0006	0.0001	0.0005	0.02	0.0046044
0.0004	0.0004	0.0008	0.001	0.0002	0.0003	0.0006	0.0001	0.0005	0.02	0.0016268
0.0004	0.0004	0.0008	0.001	0.0002	0.0003	0.0006	0.0001	0.0005	0.02	0.0029604
